0.0, 1.6366590732927393, -1.1842206433687517, 1.1114477171573134, -1.2276144226458823, 1.2931602592728424, -1.2917701576608303, 1.1583391086521238, -1.0006577125975449, 0.9318628395785057, -0.8580668391249962, 0.7682221413118093, -0.6550848202208033, 0.49991226985953063, -0.44242987195885386, 0.3217889663656684, -0.22575931768471275, 0.2312509990466617, -0.11545416014597895, 0.005168120421668007,B
0.0, 1.5250894732117388, -0.9318303920614072, 0.8583887919121673, -0.8217084541312185, 0.6726254728019695, -0.6825776477550393, 0.5505217653532556, -0.4129660368688098, 0.4396480265357821, -0.44915898694477563, 0.38624686097505057, -0.344115498021043, 0.3012124325886352, -0.3393449092705037, 0.3068240778798793, -0.23222253780290558, 0.24741102536475534, -0.13661921310893627, 0.02364711736834784,S
0.0, 1.0200055188695576, -0.2047761068496041, 0.4198396160783553, -0.6237356009507129, 0.3212519721663884, -0.4406310693586634, 0.5849254346263882, -0.4553310624944196, 0.2868861661262981, -0.32029365522104136, 0.3646271301663826, -0.26058905903464147, 0.2216391092043249, -0.3318381401560823, 0.15777266566668333, -0.09975668149309906, 0.18080513616253913, -0.10943561226099723, 0.0025547587248434486,B
0.0, 1.1187451095430403, -0.2233612732702868, 0.4551105243698469, -0.7797603785973493, 0.4030732861508058, -0.6552377279751886, 0.7635428800005134, -0.4128358217990061, 0.16776434053239753, -0.35153243749234153, 0.4756252181980791, -0.2726875301399854, 0.2130577550514898, -0.331989805135845, 0.048886979086883636, -0.023349452214640295, 0.19360411603434488, -0.08269552917740658, -0.02797444488093301,S
0.0, 2.188138043477022, -2.040674004596971, 1.3514688075285142, -0.9568922342364498, 0.980790760345867, -1.0271123742775738, 0.7851552797929325, -0.6390444307702527, 0.7322187431498197, -0.7340391128159952, 0.5577273338348889, -0.41440990234614267, 0.3417110762954771, -0.3529842793481678, 0.24692724319139414, -0.1516577926965912, 0.1316601727148271, -0.029826876799949206, -0.005555619677653184,B
0.0, 1.9909019158059422, -1.5798537543029536, 0.7947615452929869, -0.4566686754484809, 0.5719145635512903, -0.6242789403565601, 0.385684255027343, -0.3828649618153385, 0.522683339674286, -0.3885737960433955, 0.2582647071833368, -0.308618268386023, 0.306246297501692, -0.3227532408415969, 0.22221755158058654, -0.17204580125033817, 0.23504665569006192, -0.08748688403016935, -0.010128435058937376,S
0.0, 1.6218737624919382, -1.159702129569978, 1.0897304077113135, -1.200485958721849, 1.2550475077178356, -1.2483067350361126, 1.1200648020806636, -0.9682125937990684, 0.8985029296298757, -0.8222483138923847, 0.7331965341665938, -0.6276586426808987, 0.4809179288684648, -0.423350130821694, 0.30200161794125546, -0.21222192410188795, 0.2216217918217821, -0.10788709618448408, 0.0030715701999448246,B
0.0, 1.5278783512033651, -0.9454837808981302, 0.8724285948203775, -0.8262524383169798, 0.668178578073637, -0.6739753201997731, 0.548492719441715, -0.4148104493819789, 0.4387684402160814, -0.4481248780743776, 0.38377101520533397, -0.336285166185602, 0.29530082664815616, -0.3408110678734471, 0.31362469389067926, -0.237288818155877, 0.2443181612578033, -0.13573882656251038, 0.026310705762060647,S
0.0, 1.0093700418293283, -0.16506635710781123, 0.3889622060878324, -0.5998380108045165, 0.28682073638448946, -0.41139650405378614, 0.5601006290910633, -0.42190773870949844, 0.2484659912945205, -0.2832226292354353, 0.3328605012259586, -0.22824838289545743, 0.19134217458788655, -0.31105229307349747, 0.13523954568379473, -0.07752842810558946, 0.16590550129849632, -0.09592260060291409, -0.0045239368803824094,B
0.0, 1.0974072205772212, -0.21600758386251903, 0.4298716639861951, -0.7441939979479414, 0.3795080758425551, -0.6236478749754868, 0.7395797048509505, -0.3948731360272241, 0.15562247589104405, -0.33577939384685307, 0.4491868850158233, -0.2531448255852672, 0.18736342461220745, -0.3152473377679898, 0.04423032746589499, -0.008909221429385775, 0.18435236204764277, -0.0791971474698429, -0.0299252962420154,S
0.0, 2.1017746825679744, -1.7783152396157946, 0.9637574876083472, -0.54108978644717, 0.5893727612327773, -0.6695236520349318, 0.46960528956773445, -0.3762195826561183, 0.49873767271904923, -0.4905489595076159, 0.3080543928048711, -0.19590745308574464, 0.16984803367269835, -0.22805449324260832, 0.15738012513715774, -0.09138983143304724, 0.0905429256147713, -0.0010157868126489005, -0.01491959865519459,B
0.0, 1.966496295785876, -1.5190158516687666, 0.7285893622628525, -0.39873394735818224, 0.510417807286839, -0.557938966471298, 0.3295231915932633, -0.34428679430916054, 0.485406024888398, -0.3481402110479353, 0.22988042408287201, -0.29399575431967084, 0.28978394558639675, -0.3052334188545878, 0.21526805745398017, -0.1719514901125131, 0.23038685815049226, -0.07612701502997835, -0.016558266785070913,S
0.0, 1.6301704454466717, -1.1708549491373774, 1.0924532968096907, -1.1998895212147789, 1.25554536790582, -1.2524562205102943, 1.1265574253772832, -0.9741188797190093, 0.9024612222338526, -0.8284023604983587, 0.7430321568124553, -0.6348192752231149, 0.48317254517350616, -0.4257886345374546, 0.30438891143885666, -0.21582657727619758, 0.22475107350499643, -0.10764721818312348, 0.003317210753358904,B
0.0, 1.50470532719927, -0.9117433887334648, 0.8417174237393344, -0.7991196225655325, 0.6614293016285339, -0.6618954884790411, 0.5163261814695754, -0.38460874064733697, 0.4223443778254277, -0.42994714428865843, 0.3615332161108922, -0.3174916830648998, 0.2771910501216052, -0.3210915492134839, 0.2940615468845716, -0.22379993277281188, 0.23137481513558777, -0.12393960719722555, 0.022764055401665585,S
0.0, 1.0032077179788723, -0.1681129019876329, 0.3946664338106643, -0.60301686745283, 0.2830866975241202, -0.41126027225336753, 0.5706090498511435, -0.43354444308034656, 0.2541987458658037, -0.2840484234407039, 0.33507737693630474, -0.2331482173965442, 0.18838774724903165, -0.30163839496953765, 0.12219894020114468, -0.06759637614699185, 0.1660258859015265, -0.10092469797510284, -0.005196685990373358,B
0.0, 1.093814575878833, -0.2110803780201643, 0.43223694660141815, -0.7554357203089431, 0.38399941818581795, -0.6273423172262017, 0.7449636151652923, -0.3944215886860522, 0.1504516813423113, -0.3378065590970118, 0.4558361438818427, -0.25853099699499454, 0.193347856036587, -0.3243869176889602, 0.04776247208783544, -0.013095813718664112, 0.19480763702177797, -0.08581224776192732, -0.02918082994464662,S
0.0, 2.1090179031261886, -1.7979604963571931, 0.9862708372741612, -0.5577552772169616, 0.5969510931721426, -0.6729398245644677, 0.4737779321324632, -0.37409743430347453, 0.48988240485575474, -0.48492567359443295, 0.31187289223875636, -0.20266157069008148, 0.17253737504757644, -0.23023745788689276, 0.1623384561962236, -0.09504535179167693, 0.09113440804981869, -1.3600491571982712E-4, -0.01623574188727605,B
0.0, 1.9635459382900948, -1.514888620494131, 0.7366752151292123, -0.4068291573886069, 0.5075500976005369, -0.5570661816176122, 0.33300263701366306, -0.34794147883785853, 0.48778231835807667, -0.35360655969466936, 0.23396062935888515, -0.28132689267952327, 0.26632340688729317, -0.2923934898921172, 0.21573988834553706, -0.16535738211903872, 0.21280733567195964, -0.06095687873808234, -0.02280648906745956,S
0.0, 1.6201808834668519, -1.1610041757115048, 1.1000657281425994, -1.2117023170430272, 1.268497292476902, -1.2647929846959092, 1.133375720305159, -0.9802120112038828, 0.9150136176728534, -0.8443737797700103, 0.7545068356365446, -0.6429387466148306, 0.4969751353848432, -0.4411223727968085, 0.31721058884664366, -0.2233809544103113, 0.2303889687241994, -0.12005112905269386, 0.009711925352339185,B
0.0, 1.5189430713228336, -0.9362186187431994, 0.8607281862883316, -0.8169357024595594, 0.6698396597175189, -0.6701101254426876, 0.5350666072675321, -0.4005249767303902, 0.4265221343410579, -0.4377297792597765, 0.37566907567389757, -0.3284227231800135, 0.28376989572213407, -0.32474469538491973, 0.2938264350318448, -0.2187550544705641, 0.23271042807639322, -0.12869547935970627, 0.02411054337476104,S
0.0, 1.0122353582128105, -0.18094704691979632, 0.3943483570066754, -0.593913879886218, 0.2875789342151765, -0.42593409264062265, 0.5770590924383303, -0.42716795092282206, 0.25771394211650206, -0.3013535664698029, 0.3483066303979722, -0.2392671940025452, 0.19564223107747428, -0.31120426520215844, 0.14031105111360864, -0.08080795463885275, 0.17045044130820458, -0.11017481024928322, 0.0024780125500721696,B
0.0, 1.1096439659605672, -0.2238177273448439, 0.4670886133853101, -0.8118173126062606, 0.42645406087382043, -0.6664470005466498, 0.7933358628055984, -0.4323754742129226, 0.18276461262337151, -0.37416016404118824, 0.48627722729334133, -0.2727598166382636, 0.19595586051064456, -0.32457828442739317, 0.04177577291851208, -0.013224785492686797, 0.19393920135712156, -0.06779895522879073, -0.04394020611913252,S
0.0, 2.0962264142309266, -1.777769990572649, 0.997269323032253, -0.6011830245677278, 0.6300930898052506, -0.6786581223727456, 0.46013566095288716, -0.3563030884593146, 0.4774879633849928, -0.4802594544269454, 0.3170488297071017, -0.21297672222793204, 0.17563029509534753, -0.22191498670232995, 0.15082728534308187, -0.09016970719256204, 0.09746027151190763, -0.010012311853888576, -0.011989343162144077,B
0.0, 1.9469923166468395, -1.4947026410473883, 0.7346534906305862, -0.41504382951419494, 0.5084535653946294, -0.5452159628377958, 0.3231877229132476, -0.34257752075700615, 0.4833504744921777, -0.3542459097465125, 0.24106993623569695, -0.29021364676506656, 0.2758497384068702, -0.30089139453541325, 0.21599811858744605, -0.16209544877951504, 0.21188356288647447, -0.06448793424805735, -0.018647042575837134,S
0.0, 1.6343641477166504, -1.1724987745394906, 1.090809110603478, -1.2033829277986867, 1.2649066086607066, -1.2572822192149042, 1.1188116939122124, -0.9593767423205813, 0.8917358612468101, -0.8180757630399962, 0.7275436566847595, -0.6166932061036876, 0.4663707076854792, -0.41444414764545967, 0.30014364930535886, -0.20971653438008858, 0.21855314266246476, -0.10938593658016695, 0.004515576841744559,B
0.0, 1.524920327468823, -0.9368013347436498, 0.8561946262770098, -0.8112748105241198, 0.6511910313724293, -0.6499540503687199, 0.5198002519838271, -0.3851144345818484, 0.4050132570321193, -0.41966706719341845, 0.3659340568880557, -0.3253845693416937, 0.2804868334878329, -0.32399148040113573, 0.29647702991487007, -0.22084148328030692, 0.23769891219997832, -0.12938548499230765, 0.023223124940589486,S
0.0, 1.0136876408291053, -0.17103239717603114, 0.3950078534053014, -0.6103850942721663, 0.2931303369785492, -0.43310472901939023, 0.5924327142523531, -0.44234724427582367, 0.26551864631884226, -0.31157777870676995, 0.3545960745638736, -0.23826718309472983, 0.1977489551150671, -0.32371228196177526, 0.15126868556605924, -0.0831888065188026, 0.17066110554776293, -0.11014015869269621, 0.004459124265821068,B
0.0, 1.0937107586521713, -0.22478266638635575, 0.4520740259332424, -0.7768332360853895, 0.3952245953341035, -0.633753171336883, 0.7601482534640386, -0.39801139959586074, 0.1574436233097288, -0.3594151627727026, 0.4752024500497729, -0.2609671993456686, 0.1774470195994558, -0.31422718538805555, 0.04121790076725047, -0.010064207878609257, 0.19081945939323072, -0.06701903321831937, -0.04119034823719777,S
0.0, 2.0879988806905514, -1.7730919541917756, 1.008623392129863, -0.6176490206939136, 0.6417028198114414, -0.6789467234511708, 0.4608901491613399, -0.3646594244188462, 0.4848334653426688, -0.48581410001384323, 0.32411376981897344, -0.21901586408360468, 0.17474293441822653, -0.21377778942450623, 0.14106249164171525, -0.08280267550059876, 0.09450613166639019, -0.013139962015268233, -0.00890315907701956,B
0.0, 1.9632068174334125, -1.5165376068026557, 0.751261003757917, -0.4357826131389643, 0.5234539784939692, -0.5556129343836448, 0.3422005836498773, -0.3744142795391622, 0.5131484632510779, -0.3763721131338661, 0.26365889205557613, -0.3149411376883836, 0.3003590454123313, -0.32201337240690586, 0.23502298623542334, -0.17640853157415537, 0.22429196772860321, -0.07465909950856453, -0.016424232222977744,S
0.0, 1.4789129740574314, -0.9285269189313831, 1.0216231386405652, -1.0898145115416946, 1.0408438583784128, -1.0731764493885998, 0.9933807616247892, -0.8902766346997601, 0.8203071483578693, -0.75871783670249, 0.6926957381796012, -0.6147158513882617, 0.4607997009694692, -0.4131921146369147, 0.3405947609017444, -0.2711537542997549, 0.2395244890402306, -0.11439307142540495, 0.02189674015041406,B
0.0, 1.5628045812426827, -0.9047838036610073, 0.6372941709190749, -0.5683861259052654, 0.5118155325211619, -0.6185399245163529, 0.553281309481585, -0.42237788961595746, 0.3831332736451123, -0.4121148303565142, 0.42976927248627644, -0.3945623152640971, 0.29280180561019314, -0.33206951942065865, 0.3259749737386934, -0.23115787020423764, 0.24133218295004177, -0.15193056988692752, 0.04281256375590644,S
0.0, 0.8977514381247178, -0.04457458960932119, 0.3092796354668367, -0.46461760587240664, 0.1363551858137284, -0.30744448542730396, 0.4245775608060086, -0.20805617556765313, 0.04248896615450101, -0.16371583058321296, 0.26540595809766593, -0.1115592371447003, 0.02056683373487917, -0.20651206012717976, 0.08935856168688686, -0.044760667777557495, 0.14107288267192022, -0.07097812486491192, -0.011028612451340042,B
0.0, 1.0865868935091165, -0.26638432799928446, 0.5330173813504367, -0.7760959828684553, 0.3108000409018236, -0.5362740134047201, 0.7103797207711712, -0.2934866290285443, -0.017556967045281202, -0.1712348777505441, 0.25361801439568465, -0.024028415484648315, 0.016679243579703882, -0.1998177478539149, -0.06618981152894504, 0.093848079425433, 0.1275931353073908, -0.07765748601427046, -0.020858720774663372,S
0.0, 2.1475033000751726, -1.8866814207833924, 1.1465332321690604, -0.7666975551344883, 0.8542681291508077, -0.9424235903562348, 0.695993355501797, -0.5835786546300105, 0.67934706630844, -0.6110839601287105, 0.39063653464995834, -0.2887722696374266, 0.3084590710938179, -0.3044844366745592, 0.14164647448838305, -0.0771635625523491, 0.09155025593470166, -0.02148762855278103, -0.0015062986874092197,B
0.0, 2.0327316628000913, -1.763473708635943, 1.0424539908990007, -0.45296169774129685, 0.3507068140269533, -0.45429585098218006, 0.3698352601747883, -0.478835749937235, 0.5265760124611316, -0.35086147433850706, 0.28447608823619136, -0.270192463249084, 0.303418390734206, -0.4016771830342946, 0.2659776149449104, -0.1593387514317828, 0.12593753247181927, -0.016070313873875784, -0.0014526489397353182,S
0.0, 1.4786400290336676, -0.9280658013274115, 1.0202982511655054, -1.0854713416629094, 1.0331145661732033, -1.066422922958787, 0.9886982639241202, -0.8839405755954018, 0.8123002444199634, -0.7505268837327114, 0.6849110901405852, -0.6071658585087722, 0.45183103784709516, -0.40499173537736544, 0.3346832849746166, -0.26548643503210667, 0.23320194232928135, -0.1081583542354707, 0.01916087629574217,B
0.0, 1.561304402885261, -0.9045520756271189, 0.6369261934009348, -0.5642692802940706, 0.504656584069041, -0.6050874369305189, 0.5386551499814745, -0.4129668179931057, 0.37567216164304845, -0.4051381541364246, 0.4220998790492699, -0.38723278721786064, 0.28850854171610124, -0.3292186041461814, 0.3242910305859586, -0.23010729602766805, 0.2411416030141647, -0.1529093546431177, 0.04358037975890141,S
0.0, 0.8769768087355662, -0.0018194699755799714, 0.27800394019946173, -0.4421137035063497, 0.09701550907734771, -0.27344343870347665, 0.39979918538713966, -0.17502140855060067, 0.006066845106322405, -0.13815555386745618, 0.2439342708870529, -0.08529257266540302, -0.007132892357419647, -0.1922433782335167, 0.07652690373921586, -0.027471128432318782, 0.1294536937039565, -0.05709585107537146, -0.022241339299118278,B
0.0, 1.0728422705617622, -0.24212489000291668, 0.5178037281089509, -0.7673747508465604, 0.2965047813204096, -0.5222167750025694, 0.7082996131238897, -0.2876729376765664, -0.03695978230265053, -0.1593468960566016, 0.25482920258539005, -0.019659956769643012, 0.0019483807549729407, -0.2017691481936151, -0.06540455863729319, 0.10444106907715578, 0.13537863509278808, -0.0810485093680263, -0.025363729438798947,S
0.0, 2.0796353191863406, -1.6904740174667687, 0.8712455324818581, -0.48144633086757593, 0.5827695213419041, -0.6673706716723296, 0.4094176711660003, -0.31404416721017125, 0.44578241281696895, -0.4067901040123523, 0.22197815458715764, -0.16757630384177089, 0.22526892301264373, -0.23896876664972397, 0.07921806315557751, -0.023883520746874845, 0.05105052038062798, 0.004792509469674603, -0.00953327900353009,B
0.0, 2.0040289162383287, -1.6836820093044953, 0.928791626760154, -0.34977138080592335, 0.28150561409049796, -0.39344414653019943, 0.2892599670810273, -0.36549492131806777, 0.3959388204805648, -0.2382090451361409, 0.21111432856465684, -0.23398375867458643, 0.2687695508362691, -0.34562742590443457, 0.1986959835396972, -0.10727492003491981, 0.10605674155679455, -0.01610469085247115, 0.0013267722483546436,S
0.0, 1.4745457871769794, -0.9129096627489723, 1.0059801369523977, -1.0757918442924945, 1.0248187410906497, -1.0571764035105475, 0.973998280567799, -0.8685854331816097, 0.7996520849601738, -0.7386087946279066, 0.675345414410406, -0.6004018779425954, 0.44881857007619846, -0.40667459669229955, 0.3360141083289747, -0.2638743719033035, 0.22860169194267108, -0.1025838884521805, 0.015506613595506487,B
0.0, 1.5561719390442017, -0.9069556090234765, 0.6508733052877617, -0.5803953537253159, 0.5204132070367582, -0.6157939020513756, 0.554793421730701, -0.432825965107929, 0.392661180073843, -0.42159236845721026, 0.4339678459735073, -0.38730135198658294, 0.2830559611767533, -0.32810915057146356, 0.32995937476152687, -0.24074765991234665, 0.24358821420415505, -0.15155896618647, 0.04413248043181777,S
0.0, 0.8739246506327235, -0.007455959548524647, 0.28201910989607515, -0.44310947784408006, 0.10171899327807511, -0.27179041937276366, 0.39774691836447784, -0.1717842396409568, 0.009734965592264598, -0.1417693879281866, 0.24484953532216214, -0.08883541788004899, -0.005346513034449868, -0.1873809047060246, 0.07041281533257623, -0.023186760912781636, 0.13057137114173245, -0.060009414475062695, -0.02090557066988649,B
0.0, 1.0715402859104923, -0.24045252942437081, 0.513960812661722, -0.7662077590205016, 0.3007242563821385, -0.5275033764855442, 0.7151027271563941, -0.2966829615257259, -0.027558804805115262, -0.1703380750774672, 0.2626565377404534, -0.02074081616087955, -8.971862602899399E-4, -0.19395430823146168, -0.07633666077868813, 0.1147582773775674, 0.12670274736787465, -0.07530006104980341, -0.027170862672816917,S
0.0, 2.0981515398255066, -1.7368484350811266, 0.9223604576044521, -0.5113777461172775, 0.5883333623887042, -0.6699150855860113, 0.4168792553638979, -0.3204248255279153, 0.45308085144189214, -0.41813235874030963, 0.23515406769060188, -0.17723164955885176, 0.22870181208330773, -0.24051079565583008, 0.08587855606057697, -0.030781417168322094, 0.05436620302562447, 0.001800583567890209, -0.008461724403122881,B
0.0, 1.9675437532858524, -1.6115327512331163, 0.88283307273125, -0.33992449096530897, 0.27362107932819457, -0.36189948851417875, 0.25770289525461804, -0.3609680359982623, 0.40987883521690427, -0.2526386434897114, 0.21196187902580263, -0.22771890753066656, 0.272047025973133, -0.36095353982299433, 0.21694471613212055, -0.12400647775732594, 0.11791191365020186, -0.02108471939796339, 0.002012590436446699,S
0.0, 1.476108537815214, -0.9171611071128664, 1.010907787401612, -1.0779553899143808, 1.0217641870461724, -1.0539103878176581, 0.9720659093784697, -0.866178978692851, 0.7967255365615394, -0.734339619926931, 0.6730657796442586, -0.5977982767101341, 0.4456610357517354, -0.4051152316460218, 0.3350063660374124, -0.26317517348613007, 0.22710058118331408, -0.10330096960083485, 0.016829392946973082,B
0.0, 1.5582778222547369, -0.9145889692791842, 0.6575271370268162, -0.5792607354766005, 0.5089646443831192, -0.5983030568464099, 0.5428441054342835, -0.42611702957670755, 0.3829635839495783, -0.4099967371659297, 0.42384296143318495, -0.37771214189902547, 0.27243215617229827, -0.32230630987075565, 0.33100902862763576, -0.23981580181538353, 0.23905195695774858, -0.14831485531821864, 0.04370903499524579,S
0.0, 0.8808081588434852, -0.008261480562288266, 0.2844441219869808, -0.4514156959019066, 0.10108534899962654, -0.27712777501465136, 0.40908347713558274, -0.17607234580663747, 0.006363803436030285, -0.14327101914267237, 0.25126110244406435, -0.092420109768487, -0.008340547178340563, -0.1921912829738897, 0.0750017936363395, -0.02202771274001046, 0.1336175521924872, -0.06406167566441688, -0.02098990661739341,B
0.0, 1.0633624588812818, -0.23944992084344335, 0.5082829471960693, -0.761282555671101, 0.28386046308871515, -0.5088274364236819, 0.687509501217486, -0.2503968451245693, -0.06332890964245225, -0.15272655585487596, 0.2429805249771627, -0.005929543695462525, -0.005053441454147222, -0.1970542574175551, -0.0703874091262044, 0.09886018781853176, 0.13758325615759462, -0.08445067205027608, -0.021918506772058137,S
0.0, 2.099353773866847, -1.7334953308592498, 0.9159261382992604, -0.508602610609007, 0.5855089134776756, -0.6645040807745763, 0.41017379290652073, -0.31569166481355754, 0.4487878836679976, -0.4116236511833261, 0.23062579789204254, -0.17824697834236733, 0.23047822416116445, -0.23617609107431492, 0.0726426933886363, -0.0127567346406862, 0.03973373435954213, 0.011390576177445634, -0.012969777383088636,B
0.0, 1.97232196444618, -1.627732869905404, 0.9069233738218925, -0.359995608365297, 0.27738554151343064, -0.35852364458781105, 0.2628515884879724, -0.37504475022272454, 0.4212621835967298, -0.25843830867476064, 0.22168807740063529, -0.23872814424063304, 0.27328261727943504, -0.3520958713932782, 0.20212963778051488, -0.10716830290102361, 0.10389792464170963, -0.011054550797146042, -0.0019138709452399256,S
0.0, 1.4802142571116328, -0.9161145935553219, 0.9991179723891935, -1.0634086027200078, 1.0021884847688458, -1.0334114192884323, 0.9520332477769681, -0.8435839238922903, 0.7702981636789531, -0.7117196101753104, 0.6525489741515376, -0.5768921854176646, 0.42677017899218267, -0.3877469207392682, 0.3183652064172811, -0.24967499768889836, 0.21924611698232493, -0.09606440300777477, 0.013631134422782598,B
0.0, 1.5527752210954, -0.9001470394230087, 0.6504994630368747, -0.5793956621946994, 0.5077860457198828, -0.5959731142934972, 0.5267335808467134, -0.4100129038589425, 0.3803041730110907, -0.40645014762596365, 0.41541332644665463, -0.37649477001024306, 0.2769812371720301, -0.3267764738607855, 0.3345265859477434, -0.2343070975244327, 0.23481366796200254, -0.1518361368949174, 0.047326494710622335,S
0.0, 0.8790155289204067, 0.0010376915585565865, 0.27990971265973, -0.45133205758578904, 0.09609684602641325, -0.2748190502759776, 0.40969388056989836, -0.17135263607509413, 0.0028291592486313403, -0.1421704832342234, 0.2527193953710803, -0.08868923219772061, -0.013323697094813106, -0.19336108320694048, 0.07806886720070014, -0.022696361420951137, 0.13724525250578287, -0.06670480659440144, -0.021848176640738192,B
0.0, 1.0597977819768931, -0.23348004384912624, 0.5001469877344766, -0.7520365787234068, 0.2750722938581579, -0.500311231149845, 0.6793709899016409, -0.24391916630054786, -0.06526175107687066, -0.15593723788386127, 0.24614383037198953, -0.004443615622537803, -0.008147401359563286, -0.1936091121684371, -0.07795974953149461, 0.10770420637688047, 0.13218210330937286, -0.07878163969892324, -0.02510181713032737,S
0.0, 2.0944754412166744, -1.7186360587026897, 0.8933954458684079, -0.4891377732227796, 0.5745271610157479, -0.6693771777333601, 0.43295367410659596, -0.3412256686447156, 0.46235472407853195, -0.4080483441024394, 0.2129282522013862, -0.15318110095574278, 0.20752273466267676, -0.2239242569821458, 0.07410471015111271, -0.026655454375026793, 0.06124535179013362, -0.009787913072582026, -0.003323684390470998,B
0.0, 1.9798090729504723, -1.6544412987885075, 0.9347384196062632, -0.36498579854619645, 0.267530613324047, -0.3649168918212417, 0.2914572730353848, -0.3937655648127101, 0.41593313279523236, -0.24852674860578206, 0.22529737943404315, -0.24656266861537526, 0.2785283500486074, -0.3601124167736523, 0.21167567556140196, -0.10986105699375666, 0.09678677375857248, -0.0067725607226467865, -6.796982554388587E-4,S
0.0, 1.5897505830414498, -1.0574386715802662, 1.0179320655891158, -1.14184122239369, 1.1607219234786001, -1.2087581969071084, 1.1198071706138109, -0.9534025890664483, 0.898459120328643, -0.8213465843321979, 0.6940731056678114, -0.5930049936220517, 0.4708578823709371, -0.4498010754930019, 0.3379194881824124, -0.24981836275965913, 0.23488596775916554, -0.07729016665803798, -0.01280126360407309,B
0.0, 1.5451500416514807, -0.8982780874592038, 0.6293255029056217, -0.5844916487615478, 0.570487015598483, -0.6545889468817738, 0.5762338533473724, -0.44452842352619026, 0.42299021912033874, -0.4188849792352991, 0.40456818714998594, -0.377160616244053, 0.28209558866961054, -0.3129496055850109, 0.30954524486348156, -0.21708071325730202, 0.22363477229346046, -0.1541276682490845, 0.04574044271413719,S
0.0, 0.9716486538196565, -0.09679132167360888, 0.2857916777610726, -0.460165285201138, 0.20919732710561478, -0.4050257222905252, 0.4877449816200908, -0.23585653581535626, 0.04468367191218967, -0.19791918788739687, 0.3495310896811709, -0.20207113410458177, 0.10191943081175053, -0.23728051929448984, 0.09538387633013583, -0.040939760823376484, 0.1570984208284859, -0.08793869783756253, -0.008255856714437201,B
0.0, 1.0980864506731567, -0.23823055098991985, 0.505490692424794, -0.8312825880152316, 0.4043982624374466, -0.5901918617584131, 0.8959195253485193, -0.6424817193484303, 0.2675439985915663, -0.40218759731669707, 0.5547119283876581, -0.294588980210654, 0.20010523749556333, -0.43038761736934894, 0.2351466074448682, -0.08777402379662348, 0.22888509315202477, -0.184597269240388, 0.023795763765686092,S
0.0, 2.185779616333674, -2.0082312623819014, 1.2774022653905364, -0.8335148652080056, 0.8545216071793054, -0.9250000884032212, 0.722813287863952, -0.6330593709617155, 0.7173530629804866, -0.6287565177495569, 0.3930917115253765, -0.27440643464103176, 0.23912062095393058, -0.22798688866226505, 0.12549769381547013, -0.09465957770521395, 0.11439965970526915, -0.012442626442873084, -0.02183194031742884,B
0.0, 2.0588366442687516, -1.8049445937343138, 1.042228549641862, -0.4735515416850223, 0.38124340657458916, -0.4719515039434227, 0.38647599278851213, -0.4590152819751237, 0.5267363475553689, -0.382364882563792, 0.3173773794777605, -0.36742263983153206, 0.35796527765167035, -0.37935478928992405, 0.2499075327319629, -0.14235000195339415, 0.15835663471468317, -0.04905902499472556, -0.001464105677035876,S
0.0, 1.5800471222572783, -1.035731156515714, 0.986056731771363, -1.0963103440866058, 1.105633989094467, -1.148362107421537, 1.0544161731147539, -0.8798032257779085, 0.8197504191701745, -0.7453927388255756, 0.6215508212637121, -0.5227393519644273, 0.4059466114417884, -0.39756811967298017, 0.2952138835365351, -0.2131254431107171, 0.20515894559362552, -0.05749703791618348, -0.018858514629039393,B
0.0, 1.5648754789201298, -0.9343446659624455, 0.6692837847360168, -0.6261236720448974, 0.605957154385091, -0.6950773192745647, 0.6230079578765462, -0.49090429859819423, 0.4660872183298556, -0.46633105711445594, 0.44136281561245405, -0.3901845655540431, 0.28442949573631476, -0.32276365532355733, 0.3143645015051931, -0.20811917186380377, 0.2175694697564641, -0.15382958433537866, 0.04757665352073133,S
0.0, 0.9497625847742466, -0.05407154877338949, 0.2514940247807373, -0.43083673867415795, 0.17455936122899574, -0.3792079056632914, 0.4654210036003971, -0.20617288104976014, 0.008154844939134721, -0.1647511276539175, 0.31947703379243997, -0.16837056234883438, 0.07564083373324348, -0.2208898602167358, 0.07105763067127652, -0.015346356441143207, 0.14215748545906942, -0.07854998145393488, -0.013747545482632951,B
0.0, 1.076376593593562, -0.2016311203482179, 0.45860551784674897, -0.7831938243586598, 0.3251925193634109, -0.49961553369177086, 0.8251548073384584, -0.5626912037456842, 0.1772843044635345, -0.3258264565949288, 0.48330584101313045, -0.22008208025489248, 0.13851820502770978, -0.4008678341493802, 0.21241324946112344, -0.0463336242986411, 0.19716371605970695, -0.1720004575593687, 0.016848806299311105,S
0.0, 2.0866342729757106, -1.720313687581374, 0.8694240907445182, -0.41190533570051296, 0.4674846673818947, -0.5472648924091627, 0.33959682016495185, -0.2771576192110778, 0.40386517898668356, -0.3423659943960357, 0.13842146684239648, -0.07222006544912177, 0.08430959198903765, -0.10684038083334761, 0.03495340656205682, -0.0407716169460442, 0.08656679312173302, 0.0061417888702015415, -0.03005491249039069,B
0.0, 2.0115833932175775, -1.681061909250194, 0.8963960256597056, -0.34063900226641397, 0.26596964285369923, -0.37189904730143303, 0.28776113350553467, -0.35936457494980983, 0.4324079730043455, -0.3048555806580082, 0.2695272315543782, -0.32968754963812047, 0.3043371117409749, -0.3308414819156763, 0.23458369593004613, -0.15449875580100994, 0.1699492400407879, -0.04592964195244389, -0.006611377893043475,S
0.0, 1.5928687804481725, -1.057428982235527, 1.0015891748796917, -1.1182112106867306, 1.1327361867606727, -1.1776812238598797, 1.0882176453230987, -0.9110804737217845, 0.8474141465980976, -0.775288438763286, 0.6528643318637423, -0.5499318504136812, 0.43471352035508176, -0.4240876609822706, 0.31170875864650127, -0.224767505331448, 0.2159078048336303, -0.06915491391038009, -0.012783340791164093,B
0.0, 1.557288090435786, -0.9205554749046331, 0.6549742154201263, -0.6086455194841363, 0.5827338374375238, -0.6717851928591061, 0.6032306878797187, -0.4711302445179153, 0.443028066230457, -0.44204289183667683, 0.42491412587555005, -0.38126918077571487, 0.2758576567450835, -0.310149744586579, 0.30247234273028967, -0.202057273181387, 0.21577691250841322, -0.15341242065508648, 0.04718179963298526,S
0.0, 0.9505632485930492, -0.05752319852829214, 0.24943198390036966, -0.4264839302145456, 0.16955192542965794, -0.3771373407502154, 0.4599711123914058, -0.20012801321648135, 0.009548268633356772, -0.16660587313811565, 0.3166213463469873, -0.16645406898014997, 0.07706819007948888, -0.22076767801736763, 0.071813663357154, -0.02154322632628462, 0.13920595017080398, -0.0661801385565521, -0.02063290091393561,B
0.0, 1.0700664956118695, -0.19744087426271117, 0.47509129344892215, -0.8046790011943745, 0.36045206810132263, -0.5462066605268593, 0.8663197428306175, -0.5909602872200506, 0.20290048600437238, -0.3520812264668075, 0.5139955017095196, -0.2499546273689735, 0.15451681293246006, -0.4067477021048275, 0.220898622417783, -0.06573151437846161, 0.20781378591038413, -0.17457536935775136, 0.020341497142930938,S
0.0, 2.095415238083581, -1.7340533244743888, 0.8875447301008272, -0.43906168134470175, 0.48951313972929267, -0.5649873496169051, 0.3665119457988576, -0.31199155518632965, 0.4388605849782702, -0.36878089345888027, 0.15828642657120237, -0.09493629201178194, 0.1115458280913016, -0.1301995375315111, 0.053027896730958014, -0.06561034809029394, 0.1150959648948036, -0.010490693852715309, -0.026640258584965337,B
0.0, 2.001994858948637, -1.6685918492497316, 0.8980684530603261, -0.35053193945975675, 0.262844745701154, -0.3518966010539578, 0.27199489841814284, -0.3596952669453456, 0.43788225757207144, -0.30636077947851276, 0.26379001092292526, -0.32298102325434513, 0.3067926856442729, -0.3372146831266113, 0.24133831470027706, -0.15762040047160716, 0.16495688206316947, -0.04317912424818889, -0.005358585437422045,S
0.0, 1.5942862052192208, -1.0598741684291246, 1.0041729071861392, -1.1192347374838496, 1.1320400953830383, -1.178863464212609, 1.090067445054602, -0.9103856970713818, 0.8449806478702795, -0.7735938834879567, 0.6523540797792599, -0.5486882092793042, 0.432536879039331, -0.4243038976337163, 0.3123489825698214, -0.22426367122503976, 0.21592970412692972, -0.06992311270360911, -0.012072964827108634,B
0.0, 1.5573517986563281, -0.9114993892616488, 0.6404521416487404, -0.6047621800619066, 0.5926094272202163, -0.6893262164091336, 0.6083450151359115, -0.46305030489817944, 0.4410734505319464, -0.44915168298181957, 0.4385812228257385, -0.3893435890568523, 0.2764102220887507, -0.30346819425844185, 0.3007137933288474, -0.20645633886103645, 0.2075308670142424, -0.1467300650386808, 0.04741909812911046,S
0.0, 0.9518790139151617, -0.05889166563536132, 0.24735746135601533, -0.4274755878785923, 0.17035118319196574, -0.37507661191603353, 0.4554636571700138, -0.19625919216509397, 0.008365405618232093, -0.16693110192351737, 0.31713604241176846, -0.16793338480294587, 0.07737244677080153, -0.22259520663636648, 0.07706595840265615, -0.026246996569353708, 0.1436112872787591, -0.06997866621948015, -0.01945505110172334,B
0.0, 1.082859214682818, -0.21446267747035158, 0.47311080688913537, -0.807749472919288, 0.3617760403044771, -0.5460795482502963, 0.8739281974930417, -0.5920474725980632, 0.20082497798039256, -0.3468619881182849, 0.5076307259405396, -0.23814833524003623, 0.1491929207375639, -0.4166636477240694, 0.2201447721490925, -0.049691908619256285, 0.1976103214543459, -0.1735461761660868, 0.018984289691042378,S
0.0, 2.113291295131825, -1.7907741978074958, 0.9660271987630897, -0.5032443074743127, 0.5153114520439704, -0.5544917217157899, 0.3481167967264331, -0.3075405031564335, 0.44889118846622245, -0.38792698943487786, 0.1765378871680516, -0.10341309130765436, 0.10817447864048102, -0.119904234977031, 0.047756502275549395, -0.06633197621427657, 0.11856809245523205, -0.01721513847662345, -0.02268561045098218,B
0.0, 2.0067932928536942, -1.692677330454666, 0.9377118562798883, -0.3767697769214945, 0.259458228906053, -0.33402202730773817, 0.26808500834315335, -0.37781882610726597, 0.4548669274129524, -0.3081734848690272, 0.2700090573362114, -0.35135419374548366, 0.3472489779514871, -0.3707391958931942, 0.25846028296015516, -0.16105718080630527, 0.16078321491178094, -0.03836891113289104, -0.0064957391762178185,S
0.0, 1.5945168452917307, -1.0663758037147646, 1.0207396001317608, -1.1358776447083894, 1.14369887645516, -1.1956998774020537, 1.1147318507042046, -0.9369875796505388, 0.8699850053061116, -0.7982146556542062, 0.6787537774868592, -0.5729892388865612, 0.45111534515160645, -0.4415101699593798, 0.32964990123234517, -0.23710041391408074, 0.22652687513469938, -0.07509791291820059, -0.01264716911240206,B
0.0, 1.5742094198253833, -0.9203993636016554, 0.6247530705687628, -0.5729251484482777, 0.5584019124675722, -0.6702009276734081, 0.5907739750494957, -0.4474938986063286, 0.41876786962295004, -0.4284615626303639, 0.4327680341690823, -0.3982403312367743, 0.2868379487396772, -0.3134666611935593, 0.3115936462137148, -0.21819135790114827, 0.22154104226425383, -0.14910060682170465, 0.045568473756921024,S
0.0, 0.9571100719307535, -0.06669312125197349, 0.2536483811148262, -0.42981511650975873, 0.17210214319371872, -0.3780112289346822, 0.4566085589565828, -0.19721209126187272, 0.009305631465819987, -0.16618254075793165, 0.31090820080773335, -0.16225709249594653, 0.07393933521317514, -0.21508941018424485, 0.06878173550478314, -0.022143283591499675, 0.14115866688435283, -0.06819637617326121, -0.01979730503681827,B
0.0, 1.075436955255935, -0.1978668541785823, 0.453275501634288, -0.7760569709082703, 0.32479536206474663, -0.4961231023030382, 0.8105785854996589, -0.547326387413104, 0.17343065960825468, -0.32025996456399647, 0.4679886564646729, -0.20556916896654637, 0.12785162710094805, -0.38056995302598956, 0.1949449652704574, -0.04294981933221947, 0.1956173286022769, -0.17133756809333617, 0.01867615400156589,S
0.0, 2.100524083013638, -1.743950567972438, 0.8949029401733252, -0.4343248061400038, 0.4712867003278958, -0.5432180635990911, 0.34759470885918736, -0.28861046358223974, 0.4014679613965833, -0.33579678601729757, 0.1476110696488353, -0.0994421710532926, 0.11104835931283258, -0.11635186160064208, 0.03931870541056582, -0.05546778833729238, 0.10760745304231296, -0.007020641931502304, -0.026920325109888132,B
0.0, 1.9968652825248765, -1.6850567616312633, 0.9479318817033563, -0.39269716731560017, 0.2578453188820709, -0.31267198684755815, 0.2545783732752103, -0.3847735425217443, 0.47004675159911413, -0.32013863694246, 0.2759345375022769, -0.3511422839061176, 0.34589649614530926, -0.3709871196631304, 0.25982971587073456, -0.15953696323745373, 0.15324721502678945, -0.036006656583512785, -0.004381308785249165,S
0.0, 1.6078164290719297, -1.0354427928521837, 0.9379656021205866, -1.004922145995476, 1.0470302543767678, -1.1733931300088223, 1.0930003980728922, -0.9095915071765969, 0.8129940551456255, -0.755264849228022, 0.686632620681688, -0.6011171692213743, 0.44990442673420167, -0.37895694047189526, 0.27655883876082793, -0.21818959431146348, 0.19525605103568822, -0.0571700935297457, -0.011755571048846237,B
0.0, 1.5427152251279679, -0.9179650037516991, 0.7516399353399816, -0.7005669440471363, 0.5910543248828461, -0.6476973345106782, 0.5834995397022479, -0.41786502399105707, 0.3975916799654264, -0.4622265526612771, 0.41574771587563236, -0.3924300787103417, 0.37373246658496323, -0.3954738900375065, 0.3562014430948525, -0.27946201085442585, 0.2385842496304819, -0.108107556984419, 0.02024189286877461,S
0.0, 1.0053727671100172, -0.11200644638118926, 0.2114775880041502, -0.4186370223283293, 0.2103482455542682, -0.33781216451708995, 0.4263456301298216, -0.24037943378721663, 0.06331599188497612, -0.1755189338166439, 0.32819581619710464, -0.19676340634226794, 0.08695528318875204, -0.2361397000764561, 0.12740523281736404, -0.06473041262306033, 0.16172955187998178, -0.09497788965323603, -0.010201850569569364,B
0.0, 1.0094631702861614, -0.10618491179864019, 0.3864351114768838, -0.7153083400957291, 0.23580593963207633, -0.4319776649355537, 0.6904588020148877, -0.3729708826985715, 0.086032855820453, -0.238018765522977, 0.4110908512723007, -0.24034951535234964, 0.07606142920450971, -0.29563033954144474, 0.18796961325726647, -0.019190805265409023, 0.14184620051640617, -0.1630207328295118, 0.024651081164878255,S
0.0, 2.2398367087835642, -2.1049620897146393, 1.3996518190398899, -0.9566262252456912, 0.8816424610334779, -0.9028961679379726, 0.7142280574834696, -0.6209842822352735, 0.6851556513853324, -0.622689536085888, 0.4442795795794279, -0.30711427833671007, 0.27298202975877695, -0.2760846307343103, 0.15073034626656762, -0.11903234837566776, 0.10939214949338494, 0.019137208706872896, -0.034003625171804976,B
0.0, 2.0015214836175663, -1.7116395815015504, 1.0142653745685761, -0.49547718529563717, 0.4641694711953901, -0.550399039056883, 0.3801025652945373, -0.4297897393906796, 0.49338992080380084, -0.3287933599492478, 0.2260058833698785, -0.2419233052641644, 0.2925390171558872, -0.387170902583032, 0.2570601041507637, -0.14363746099849548, 0.14447279390210102, -0.03960556772728638, 0.004334428817963892,S
0.0, 1.607138137069035, -1.03206870146883, 0.9302467630862861, -0.9936059092371955, 1.0311830270186362, -1.1563981828778878, 1.0769572839184014, -0.892315957544155, 0.7923016334175642, -0.7357842704237271, 0.6712485305103941, -0.5851465535133904, 0.43425789004059084, -0.3707536344263527, 0.2715880126857545, -0.21058703448201263, 0.18677300532394814, -0.04901279698226099, -0.015168810435555794,B
0.0, 1.5418775610117559, -0.911892540824342, 0.7414919892621586, -0.6838937201000849, 0.5663788876886112, -0.6252524616975069, 0.5661618180874272, -0.4036153512719446, 0.379918744211438, -0.4363180663872373, 0.389107531994959, -0.36538673180370546, 0.3513261326554635, -0.3791417365857587, 0.3371871678065542, -0.2641143284665319, 0.22975394197142096, -0.10018427110547212, 0.015895606453595945,S
0.0, 0.9904099341091503, -0.0692467853666038, 0.16991104547669197, -0.38964330673482167, 0.1798935718051237, -0.3132191129996995, 0.40383920570315435, -0.21469404417378038, 0.027451469033981053, -0.14286078233596217, 0.3086940186310507, -0.1787361111513266, 0.06634789747589892, -0.21751322616933352, 0.10921236189388993, -0.05014981892771782, 0.14789159202158103, -0.08089942569447268, -0.01579432095153492,B
0.0, 0.9912959589924408, -0.08428372887577694, 0.3697019938045644, -0.7046013559219177, 0.21768525070090952, -0.4058451221137287, 0.6769516587653049, -0.3519741789175494, 0.05555044964246718, -0.21265006112050866, 0.3993439432218643, -0.21387958671504373, 0.05256755113526078, -0.28975270892146293, 0.16520111121321027, 0.0015249566158612826, 0.13535559387349178, -0.14069375600799444, 0.006820045459902972,S
0.0, 2.141835113878094, -1.8476633847097976, 1.0655797284309203, -0.608424710924354, 0.5189832439080968, -0.4900993429245468, 0.2528766147805346, -0.17075394080864104, 0.2870836747548954, -0.29115041295997146, 0.18579923408002638, -0.11371581099541644, 0.12019801816433157, -0.14917790382307675, 0.05376680697341095, -0.05288297557660325, 0.061554395549666914, 0.05072222281280816, -0.044235028307215554,B
0.0, 1.9782381962337536, -1.6506066559275714, 0.9432964220833461, -0.4430420008005632, 0.4285059316352756, -0.5070412395862898, 0.3244627296778457, -0.3972321670012799, 0.4876084553561243, -0.326738400921875, 0.21492541698885212, -0.22419576274260636, 0.2846232689765874, -0.399535116758061, 0.2849457070030458, -0.17684014812008594, 0.16925165304324755, -0.04957648117088114, 0.005679565892077018,S
0.0, 1.5984842330106672, -1.0083186742588084, 0.8932038465411875, -0.9469083930781762, 0.9777962007963495, -1.09289434094604, 1.0074615161106408, -0.8196495504660987, 0.7121406698805993, -0.6563578084085642, 0.5951878903438974, -0.5151449305917047, 0.37402651139709553, -0.31519699279967783, 0.2245230481212778, -0.17460090640512937, 0.161422945088217, -0.03699839585224246, -0.017538330997346037,B
0.0, 1.5365760629001517, -0.9100151564790512, 0.7481814816018635, -0.6929155798494836, 0.5691963784468445, -0.6285752477024359, 0.5774793167155995, -0.4212975266619709, 0.38738896477053475, -0.4369674296265234, 0.39408718033384066, -0.37589320079276983, 0.3607656076832511, -0.3829239958727283, 0.3459945902181935, -0.27294324403071013, 0.24055368785021625, -0.11035217766117486, 0.019085261188642313,S
0.0, 0.9782577290427427, -0.061767103390196934, 0.16173432337930402, -0.3764388303645639, 0.1642689479013133, -0.30062332123592644, 0.3987820032890404, -0.2019082543958972, 0.012675132356460051, -0.13807067655045407, 0.3017242941516778, -0.16281254128283001, 0.04588370120021288, -0.20082362046484617, 0.09628906843041637, -0.04276565113193784, 0.14438063783479285, -0.07631190850500057, -0.01861494915388957,B
0.0, 0.9956996541803604, -0.07902997426031966, 0.3700440424068737, -0.7067947917945262, 0.2100275508823334, -0.4105482543310476, 0.6808438673434384, -0.3565412263312037, 0.056052867755847835, -0.21407678705396402, 0.3979031944879339, -0.21098907047300794, 0.0424442059171004, -0.28327097189259, 0.1668916935066597, 0.0012160561481417687, 0.13352613507758174, -0.1428024617294119, 0.011832360290443183,S
0.0, 2.133280470474184, -1.7902855789311416, 0.9465365123511308, -0.47817150673171505, 0.4264371037147131, -0.46763927469710065, 0.29841542936969007, -0.23856229453701938, 0.3336063970997857, -0.29705321945182195, 0.16527366580349015, -0.09840446145228207, 0.11978082777879272, -0.15235701575161045, 0.05071049288559247, -0.050704400709210604, 0.0665689913384122, 0.049868634456430874, -0.04660911707932298,B
0.0, 1.9796121422379735, -1.6544981037963182, 0.9465028117832731, -0.4449063847635119, 0.4308002122717824, -0.5083521662699512, 0.3221569203709758, -0.39093989943201146, 0.48196809884705516, -0.3253918114701643, 0.21633359313822403, -0.2234828012578907, 0.2826019618650178, -0.3953926957409709, 0.2760541310674505, -0.16439817774935508, 0.15626769317493489, -0.044934112624538204, 0.006801510934262305,S
0.0, 1.6051578280333607, -1.020005917201464, 0.9003733731089257, -0.9521984310917038, 0.9776056859012495, -1.0894138865958842, 1.0097701279361124, -0.8230350495189893, 0.7070518193160578, -0.648772937658389, 0.594168391362413, -0.512789922765379, 0.3655271086182513, -0.3105708836876224, 0.22133697648258785, -0.17042290108480512, 0.15848011044119323, -0.02898998834091621, -0.02319119358244564,B
0.0, 1.5354254549373436, -0.9083697614066404, 0.744338122750246, -0.688392247024304, 0.561707944188777, -0.6177072552448106, 0.5690493558088077, -0.41459626144428063, 0.3850682582899276, -0.43941188144470134, 0.39945797978410985, -0.38409270337266876, 0.3661437763771015, -0.38784212071908714, 0.35598735021693234, -0.2813008840029877, 0.24373098400283502, -0.11486579211307159, 0.023358153235154163,S
0.0, 0.9826769185490958, -0.06396773527969564, 0.1682208655463603, -0.38520441705905906, 0.17120829967153056, -0.30867616544932663, 0.4086298144700323, -0.20877629843846526, 0.017231470281235936, -0.14402073743603616, 0.31161018433538296, -0.1716711161017575, 0.05407681682601462, -0.21449976496708512, 0.11071775806422876, -0.05342740565314212, 0.15451409597980573, -0.08522868494972503, -0.014761816301837058,B
0.0, 0.995098052010322, -0.08254373210589924, 0.37972218153215115, -0.7262874882908177, 0.21884005172659243, -0.4205364821529674, 0.6993572049668635, -0.3695234722995857, 0.05850320623768054, -0.22166586992932222, 0.40721647809567063, -0.21380746599307343, 0.04222298891052727, -0.28720228044298174, 0.16564852331343524, 0.002584399533344124, 0.136730807012176, -0.145327547098998, 0.01192097052009662,S
0.0, 2.1380008606665037, -1.8144787547248367, 0.9905695695909786, -0.5183921716377048, 0.4443729639176995, -0.4735072593891393, 0.3055725143927843, -0.2476825984935877, 0.34504787888483573, -0.3134270809564261, 0.18480363799932675, -0.11198430629832296, 0.12445924574533652, -0.1582718426725358, 0.06773034879700354, -0.0750127183760744, 0.09014318619109755, 0.034660880947813846, -0.042322147794026266,B
0.0, 1.9895995573894922, -1.6809031415243207, 0.9729443166471007, -0.4515569375582942, 0.4140362744570699, -0.49660545417219476, 0.33906868713803967, -0.41619401673075546, 0.4876001496289127, -0.31625321828234165, 0.21874204909697686, -0.2511515429820327, 0.3180749946204159, -0.41683006782827264, 0.28339566949224687, -0.1700246242179132, 0.16980102716380968, -0.0590669427436777, 0.011263185443282924,S
0.0, 1.6044508941714164, -1.0199811942407109, 0.9006823247896055, -0.9488140011533169, 0.9709395809255741, -1.0840763979836043, 1.0079107047801859, -0.8228951184445933, 0.709559095082062, -0.6507230028524388, 0.5958679036138903, -0.5185528411484894, 0.37158061668081754, -0.3150629910927472, 0.22328041435554183, -0.17044925150110746, 0.15871448185296666, -0.029103738747784907, -0.02321902463882007,B
0.0, 1.5361198997873375, -0.9050877025846595, 0.7358277744223759, -0.676287656930012, 0.5429646030403769, -0.583418141192312, 0.5249043664170056, -0.3731380987120364, 0.35885243445333337, -0.4186523590967376, 0.37250133011864167, -0.3582897723365658, 0.3521327329487051, -0.3912248023824709, 0.35590968811317786, -0.272359651067585, 0.23375803265621212, -0.1041783186621732, 0.0170031851195944,S
0.0, 0.9873548086176719, -0.062508569093431, 0.1734180745138297, -0.39344520012737044, 0.17270195295136034, -0.31083106486121465, 0.40624163992956897, -0.2029963047125745, 0.016651873757090825, -0.14767811358051078, 0.3165507230530661, -0.17008482840668693, 0.052485461685211204, -0.21671506171054278, 0.11151583591381321, -0.05412377348372147, 0.1575348546264733, -0.08936473725368943, -0.0137506324351035,B
0.0, 1.0089723780966764, -0.09500766503691045, 0.38020691031056153, -0.7231361143498879, 0.2224392821829744, -0.4203522956744537, 0.7068562381730378, -0.3712275525626968, 0.06635874014187235, -0.22929713817345646, 0.4159802992045444, -0.21918332241121224, 0.053513168920441286, -0.30024915777322625, 0.17817898292166157, -0.004541410739336487, 0.14209677453804467, -0.1466046659742094, 0.008747999518955466,S
0.0, 2.165156917962742, -1.9040171738795257, 1.1353417312566185, -0.6705615642282232, 0.5512997220283262, -0.5116415501494568, 0.2937838460832964, -0.2293937157037984, 0.35345581923685643, -0.35898313666131115, 0.2485480895991064, -0.16236207449755646, 0.1445451476104826, -0.1501696211203769, 0.047509430175995744, -0.05710508849106132, 0.08075282744950604, 0.035234406323829334, -0.041636500330308045,B
0.0, 1.9931434818895843, -1.6905201901147044, 0.985449564561457, -0.46305367735727104, 0.42383845452187346, -0.5067409518628778, 0.3480809257598753, -0.4190878608509367, 0.4823661344849828, -0.30543096307480516, 0.20534997470715016, -0.23628622240097424, 0.30341043537306733, -0.40385449308029076, 0.2710460703238388, -0.1569190455362038, 0.15729204815578104, -0.050964914094250566, 0.008824675158081403,S
0.0, 1.589880035171626, -1.0847773801389438, 1.1166696479180445, -1.2151459343702764, 1.1419590853423642, -1.2241759888671844, 1.2262933487872807, -1.0780579812144353, 0.9737065314007637, -0.8703537711450972, 0.7553018159454117, -0.6742800351885406, 0.5329193603309132, -0.48277475927978264, 0.37919934871479927, -0.2796130750992497, 0.25150949695971603, -0.08527852758538194, -0.018325140806397733,B
0.0, 1.5460717940500117, -0.8954474032581619, 0.7281219450380627, -0.6892479300891957, 0.5458449308027719, -0.6168481983845817, 0.5710451353976319, -0.41289707906352524, 0.4133460886759093, -0.4796313077187505, 0.4221118128973428, -0.3832580513286598, 0.32784512979184177, -0.33042577052129674, 0.29968067361252726, -0.23239073548031916, 0.25393471732136813, -0.15473243595839106, 0.033180960273087236,S
0.0, 0.9967546981674714, -0.16618785847988793, 0.3666782649569644, -0.5051324528566254, 0.19698853951413994, -0.42020905451602103, 0.5133549639372996, -0.3116221460550488, 0.16265819873081128, -0.1710593632473056, 0.27990180009986326, -0.1656787709637707, 0.027387373997380046, -0.22557002150828637, 0.11177582934856786, -0.03535246436254626, 0.14250122719674957, -0.08066779499286278, -0.020053333689631813,B
0.0, 0.971693314907229, -0.05742682083555791, 0.33639068474213524, -0.5674546667643849, 0.12173126291386674, -0.37519022296974003, 0.5748737200860783, -0.29652900066875415, 0.0616837460197455, -0.15759980671979643, 0.38535106308881256, -0.277120877625628, 0.07994519138631939, -0.28035366101852427, 0.19226925504763984, -0.032473443391617486, 0.16637743630961815, -0.15579963409718472, 0.017281403260705555,S
0.0, 2.2355414228669974, -2.0952558785661397, 1.3477796826780148, -0.8942494262392828, 0.9389107316418599, -1.0189787610807677, 0.777004429610825, -0.6251704608313883, 0.6707009533215776, -0.6117153862335469, 0.3991957665742256, -0.2351945606058886, 0.1846323108266895, -0.21214296049358866, 0.10458578013361798, -0.01676212373160465, 0.011737774106477136, 0.04606662907053004, -0.033511524155555826,B
0.0, 1.967480962721914, -1.6480472451486579, 1.0181076297006393, -0.5856516255457174, 0.5714495788392246, -0.6617452963486832, 0.5069525784516682, -0.5229852219895346, 0.5313791339302566, -0.3770180860943459, 0.30646526737865243, -0.3037357793947463, 0.3219700024841001, -0.39500895539568515, 0.2402715034463676, -0.12921748266377348, 0.16017590919423497, -0.06540856039971274, 0.012475494075353906,S
0.0, 1.588395564746367, -1.0806222940634227, 1.1116245692523032, -1.2061861352075633, 1.1287829853960496, -1.209785317103389, 1.2084289719524113, -1.0559157748856514, 0.9502700492812178, -0.8496636586479046, 0.740146210695197, -0.6592596227728404, 0.5137231762348046, -0.4677975005692693, 0.3684444339932316, -0.2685231132465726, 0.24092969722141644, -0.07406783459673374, -0.024254823211081928,B
0.0, 1.5543434517695183, -0.9131315580377487, 0.748497519181404, -0.7118926582899029, 0.5609880793868863, -0.6247681201212469, 0.5883504677051375, -0.4350818648869808, 0.43130657599682803, -0.4962609892234448, 0.43317316110869536, -0.3917882636540685, 0.3429654917409116, -0.34517449936533423, 0.3088560449505685, -0.23537031081536466, 0.2496759489860513, -0.15356692856882964, 0.035351292538745034,S
0.0, 0.9702380319643432, -0.11431159558945417, 0.3227709088324522, -0.46441609434770426, 0.15019033586660838, -0.3815283814367243, 0.4806457326251325, -0.272680480742633, 0.11805712048036529, -0.1312704488686336, 0.25030432028017763, -0.13574049811618216, -0.0038714723295151534, -0.20628497861006118, 0.09670216645596665, -0.018669218055133382, 0.12791687818779232, -0.0686498355227342, -0.026805845879896994,B
0.0, 0.9502874862023553, -0.04251140780623219, 0.311947234989402, -0.5542733756504291, 0.10295566525567473, -0.3692493442391506, 0.5691851488707804, -0.2840758827094156, 0.04687417885726827, -0.1559759372507843, 0.38083870125440406, -0.2629649095158079, 0.07378834330932357, -0.27465239661608604, 0.17679169264352643, -0.03307879518842231, 0.15840781691367217, -0.13466362772758017, 0.007196719875120218,S
0.0, 2.1591125235945667, -1.8881929258266839, 1.0742787069240756, -0.6074884076888138, 0.6259432956728561, -0.6307064167139377, 0.33616571805447093, -0.243039895263161, 0.4110927164882743, -0.44932270470978186, 0.29856322191707174, -0.18334380261930328, 0.1497726806865217, -0.15563938798281113, 0.03493808168891617, 0.026479960275969074, 0.004663252200789412, 0.03583339114955363, -0.02667553432398287,B
0.0, 1.9490059571407155, -1.5929813632890109, 0.9473698187104553, -0.5297966958059218, 0.5372840211122974, -0.6323559236967322, 0.46581964732192277, -0.4689505726885813, 0.4714693077082841, -0.3290538122399827, 0.28783811211193433, -0.3097750338373933, 0.324983978123803, -0.3796815403870154, 0.2218832496106049, -0.12840691047006153, 0.16999191534464775, -0.07132271671287854, 0.014087691304722346,S
0.0, 1.5848276284287597, -1.07312412501614, 1.099927171699996, -1.1871144588310545, 1.1080387262492613, -1.1898437739563494, 1.1907347244307278, -1.0404709792099012, 0.9300125140226484, -0.8279230959340013, 0.7181115805897308, -0.6373654130731905, 0.4982566467599443, -0.4568715345240397, 0.35938972121653434, -0.2582954501208416, 0.22674781028766935, -0.06690289848367725, -0.024165836198693273,B
0.0, 1.5487882034376204, -0.9015707006844778, 0.7401859816525012, -0.7052768279974131, 0.5492350070087918, -0.6120832085194222, 0.5768466911685249, -0.42541823859054734, 0.4216135036405369, -0.4853992569254508, 0.4227943758334106, -0.3795645832103682, 0.3323642678909566, -0.33815070982237816, 0.30400333024055287, -0.2326789732860818, 0.2490103127834641, -0.14810185037981102, 0.029686808854231212,S
0.0, 0.9758831890498073, -0.11822863809707501, 0.3302405969775506, -0.47603774388189274, 0.1581010356979121, -0.3876362264116781, 0.4866552959198819, -0.2740347421925758, 0.11493611115589165, -0.12945992334887102, 0.251677623327317, -0.13517030896899027, -0.00501299492179426, -0.20341501285510732, 0.08964823400384087, -0.011741169446041106, 0.1216177862407851, -0.06344186504079259, -0.029034489600518697,B
0.0, 0.9617589921992639, -0.034500621087556575, 0.31079247786076675, -0.5426793716028708, 0.09025223804380691, -0.3607692225968918, 0.5672812570527375, -0.27239916826776395, 0.0366770266845575, -0.13709750996216513, 0.36884490156985134, -0.2560557175746215, 0.059954470509642345, -0.27067415576676485, 0.18141771900982023, -0.028101628347593124, 0.1591198428626244, -0.14035267592122277, 0.00715410535208653,S
0.0, 2.156842774993328, -1.8795554197561324, 1.0662759766336478, -0.6108535115659971, 0.6475662898347517, -0.6731434804919972, 0.3919728842520791, -0.2948864997034349, 0.44172165079739256, -0.455971398344802, 0.2939558127973632, -0.1802595486909367, 0.15883647929809985, -0.18320403065687832, 0.06926798592081371, 0.001086363788519976, 0.016388493067131565, 0.0347023701711427, -0.02825040109382085,B
0.0, 1.9353279458247228, -1.5749041977021063, 0.9479029810764366, -0.5388315187912239, 0.5342133937391578, -0.6153388196316829, 0.4524266597670735, -0.46994218583382025, 0.4771374860844654, -0.3322295072638651, 0.29145315663357935, -0.31425900154461733, 0.33355914774017914, -0.3921496587150124, 0.2340947579800214, -0.13910517620745813, 0.1764174579729323, -0.07696582413147274, 0.0177761890638465,S
0.0, 1.594924663247821, -1.0829693881701539, 1.1075251262931878, -1.1946504902392396, 1.109618912400107, -1.1974891932704528, 1.1966529841537092, -1.0436458786079068, 0.9326446031712098, -0.8299483279065971, 0.7208480752424692, -0.6371452753821664, 0.49902887120691464, -0.45766065804109485, 0.3584788211660255, -0.25687676948410787, 0.22584699277378945, -0.06513237779360383, -0.025831813998319395,B
0.0, 1.574694981846664, -0.9396395839047549, 0.7677214340897284, -0.7343443583474447, 0.569654217065848, -0.6301301549442018, 0.6042162555421445, -0.4471932734367982, 0.4377098770777272, -0.49840761991787025, 0.43375492520045583, -0.39143542603187176, 0.34869463935450556, -0.34768385607402186, 0.3041016620780906, -0.23933420182860432, 0.2614041403156906, -0.1608985644829973, 0.03650960252451377,S
0.0, 0.9826375473481463, -0.11793858202359384, 0.3362632980293156, -0.48570771239331295, 0.15725045419122347, -0.39463295884207267, 0.4999839843445436, -0.2837725263758268, 0.11975673615870197, -0.13499127514554063, 0.2621701426713566, -0.13929257441842913, -0.008130792833520596, -0.20521482046740702, 0.09299231853296076, -0.014359941437514748, 0.1264671339555604, -0.06454237144746176, -0.02974837049783898,B
0.0, 0.9615901084288746, -0.03545726936077642, 0.3120287249430736, -0.5411041227981092, 0.09106113313358033, -0.3636933923561548, 0.5685870590046794, -0.2761772433157907, 0.04134791498448678, -0.13999051704600893, 0.3706684517088751, -0.2542257884165097, 0.054048655545845335, -0.26778590612245656, 0.18244555000398616, -0.026539858786301603, 0.15805674709238401, -0.13962371640249185, 0.005107993728381627,S
0.0, 2.13500572818144, -1.8201451456337234, 0.9867164205828718, -0.5333475440555252, 0.5866309666434386, -0.6423580896609666, 0.3910512308349511, -0.29581780322663276, 0.41111456962953363, -0.38980272702596114, 0.22162506834690135, -0.12316010661102435, 0.11690107436455628, -0.1627972896890514, 0.07375446402250534, -0.01865875641597986, 0.035873796684030526, 0.02718799743718267, -0.027906212142042808,B
0.0, 1.9256194990591864, -1.5699749728500492, 0.9591573758051494, -0.5515718636039774, 0.5318927290650238, -0.6046946605283967, 0.45161923580853086, -0.4735772206030719, 0.47659889541531036, -0.3279111707898589, 0.2898004515271107, -0.31003726323964476, 0.3214443670844051, -0.3810278916600799, 0.22764010944027166, -0.1354314803947966, 0.17434685649955983, -0.07845394528485547, 0.01974472063828677,S
0.0, 1.5972524036650158, -1.0900589073810096, 1.1185681987073606, -1.2044537847231582, 1.1175574514970328, -1.2087385382684706, 1.2068029556523363, -1.0507130963673332, 0.942518910568959, -0.8394771236915309, 0.7285307358201886, -0.6433109704618867, 0.5015667543997281, -0.458922013589027, 0.3584730543050127, -0.25879497464568885, 0.22838829010376638, -0.06440836039140684, -0.026294292207356677,B
0.0, 1.5673485917924144, -0.9297946464188193, 0.7557861405836799, -0.7018090130725065, 0.5265380835846135, -0.6024016862070376, 0.5828091437574089, -0.4189822606260068, 0.40397944632326754, -0.46449798642081935, 0.40547064397522226, -0.37177524311760807, 0.3364112337753605, -0.34030403756784106, 0.2990983474419865, -0.23218384952467835, 0.25636357043239444, -0.16020660822665295, 0.03547152867010537,S
0.0, 0.9831698770420435, -0.11905777922714811, 0.3459232486916801, -0.49908083484931803, 0.17970685292934005, -0.41448894726803054, 0.5150648025243162, -0.2971670729273583, 0.12934359159228767, -0.15001609143794573, 0.27549792321813615, -0.1543749272855707, 0.00931173474133411, -0.21153995088867852, 0.08922641969220275, -0.014954289744141007, 0.13027596878207975, -0.061431303486518915, -0.034018968463988414,B
0.0, 0.9533614684597347, -0.03804818291555958, 0.31460151823819466, -0.5650583388532525, 0.10070475527440247, -0.37099033611018495, 0.5779026120830311, -0.2889041283450733, 0.043490631940331634, -0.1543271192070661, 0.3882104172817051, -0.26982410861878603, 0.07377431638571723, -0.2814618267712044, 0.18544746254884723, -0.03260605834580408, 0.15868608977496473, -0.1431074107949045, 0.009209119453090154,S
0.0, 2.121630384965873, -1.7935064055279102, 0.9616553291704507, -0.5121617830926962, 0.5733283517705309, -0.6446419796607122, 0.4081708386019258, -0.3052193440700415, 0.39646426728483675, -0.36168067141018123, 0.19723011228834905, -0.1106335137105803, 0.11003056461866445, -0.1582411527525109, 0.07877688305987904, -0.03431851470887242, 0.05734669239770462, 0.007607456237172349, -0.019992459351419477,B
0.0, 1.9243710657519033, -1.5638383349136513, 0.9499827638136152, -0.5382047296059498, 0.5182392882884181, -0.6005476766277834, 0.45327889415234385, -0.47263490669577063, 0.4762250847249808, -0.3396975235916474, 0.3153502081790222, -0.3282449967919047, 0.3234839846385198, -0.3835684743540162, 0.2356166868458555, -0.13988091519382104, 0.17080662512756298, -0.0717305871392989, 0.016753421662826035,S