0.0, 1.5711407196137486, -1.215472572074939, 1.2224849173204002, -1.1905348213185827, 0.9278239984333582, -0.9676070519548109, 1.0032101702187552, -0.9081863019845757, 0.8261890461384308, -0.7842813554875208, 0.7386785695657535, -0.579897966813367, 0.4448864176110165, -0.5556296832133353, 0.4017073258062301, -0.2170003815726582, 0.25971383104973383, -0.08086709002394499, 0.003969487071219792,B
0.0, 1.4350746106022578, -1.0849263647190748, 1.1509253261068986, -1.2072128174305878, 1.0477170060952536, -1.0497054325552069, 1.065918227649374, -1.0210211676734116, 0.9073220338071468, -0.85065812576689, 0.7638555538658861, -0.6004135328737653, 0.4857443437412366, -0.5548986914115331, 0.4266005226868339, -0.25530430557299894, 0.24161057298761265, -0.08486456570659184, 0.04373312401298323,S
0.0, 1.3313270247550169, -0.722490639251259, 1.0999185102436975, -1.363349865333936, 1.1563865216288103, -1.794285155861113, 1.557271070707293, -1.1032857663750393, 1.2101811260842694, -0.9740038633909658, 1.103809004901218, -1.2087192256739663, 0.5868408636603596, -0.5330754348588539, 0.6391421209292888, -0.3577391625596477, 0.31239340553832995, -0.31615619613743073, 0.12042863717966687,B
0.0, 1.041090962071602, -0.400508581557823, 0.8365663297484598, -1.1682490831514205, 0.8062483415297441, -1.221330378216942, 1.1825947770033254, -0.7644026135157982, 0.6548010908232846, -0.7701340072080071, 0.8791137394225726, -0.6432412330425185, 0.31735054869608564, -0.4463164091425068, 0.25034233164285635, -0.09329538325185469, 0.26764055699014366, -0.11402474389088767, -0.04492223637319086,S
0.0, 2.107755464877964, -1.992340462018858, 1.434332860886351, -1.1577677664354158, 1.1733133676322671, -1.2130989353760453, 1.0548733499235354, -0.9563008835580233, 0.9302948137022686, -0.8879502472052927, 0.8235839638010561, -0.6862891858443382, 0.5299934678837873, -0.4911423459645366, 0.39064817645244004, -0.28001447269615237, 0.2554343155084726, -0.19804452667729833, 0.09011750189541613,B
0.0, 2.0990070571920136, -1.7101046458140206, 0.7133678110749411, -0.34420658337558985, 0.6612725273717674, -0.8753365678464745, 0.5765315619133259, -0.3582959238027815, 0.4513354342923071, -0.5522869379006098, 0.4463160088294151, -0.26624566680473255, 0.2087012156186424, -0.23419310960287207, 0.23717491978226007, -0.25596248081720185, 0.23964587872011509, -0.13292051219956336, 0.046001307823941795,S
0.0, 1.5743548745255957, -1.2222925162813203, 1.2165803490864633, -1.1631452623982095, 0.8769017792236741, -0.9116163594251726, 0.9463516666523044, -0.8459563500296252, 0.7595018266515781, -0.717085292597819, 0.676591925969121, -0.5286177187362602, 0.397762726868947, -0.512622217943362, 0.36691419542418213, -0.18944616606025436, 0.23594954079365837, -0.05723218918850146, -0.0074909757628141465,B
0.0, 1.4169314580037424, -1.0499495918946022, 1.1141250835136942, -1.175091314591616, 1.0202519203685159, -1.0231136898566626, 1.0342839745476256, -0.9797794699624791, 0.8591859194429912, -0.801905715806257, 0.7166176472493558, -0.5598997321311424, 0.4495326977496538, -0.5186095050554049, 0.39252861410307305, -0.229290291885505, 0.22714280791950933, -0.08040999562308071, 0.04463954998745013,S
0.0, 1.2963388823468163, -0.6385253267984359, 0.9917899816660641, -1.229327321207427, 0.9910441538888117, -1.6078808118966899, 1.3373650453943966, -0.8623103576101133, 0.9676902021233209, -0.732603959669904, 0.8767466591600317, -0.9984673492484358, 0.396537121419527, -0.38201021978432936, 0.5221827568167852, -0.26724632685423405, 0.24492889192016695, -0.2709258081219368, 0.10375197852419232,B
0.0, 1.0226631587239348, -0.3682111113689699, 0.796582851347976, -1.1166209792199988, 0.74720196107742, -1.1530657389289685, 1.1003867552510624, -0.6821889274469246, 0.5745441036101243, -0.6889210126951776, 0.8012741899187099, -0.573088124748267, 0.2555287998035748, -0.39403804265445297, 0.210583624400554, -0.06603096893535361, 0.2443015037924993, -0.09548522763924577, -0.05125818836748865,S
0.0, 2.1029425094797802, -1.9856270536625895, 1.4315045697789293, -1.159344087840422, 1.1724631088032251, -1.209704186936814, 1.0565508211462036, -0.9568764845717501, 0.9248639011682125, -0.882322918140469, 0.8254719324964558, -0.6939750341852837, 0.5337750682527221, -0.4931609526632538, 0.3941394397834736, -0.28435391889862377, 0.2603218217116565, -0.2010319986938163, 0.09102224260647902,B
0.0, 2.070751192437695, -1.6350076471345918, 0.6250724719311442, -0.2704526587147021, 0.5952637077293848, -0.7976868114463526, 0.49372969405495964, -0.29524114350551656, 0.4040743022575625, -0.49669212041073124, 0.37830427799890737, -0.2031898050847901, 0.1609615610638683, -0.1934687320433235, 0.19636760537330797, -0.2172505478861363, 0.20818983438780497, -0.11321818924617964, 0.03888947227531689,S
0.0, 1.5762820175570322, -1.2290549811762492, 1.2403588306250293, -1.2130389392689702, 0.935861496467248, -0.9636793551397536, 1.0042574817315488, -0.9083891467173373, 0.8242442338306565, -0.7828805892489867, 0.7352980240735162, -0.5757696587901561, 0.43922474393568195, -0.5569700496246643, 0.4092251225573817, -0.2202854800743005, 0.2596958751577295, -0.07111342738602583, -0.0039449129399952605,B
0.0, 1.4113440107215227, -1.0345059783017625, 1.0995559178154803, -1.1721565521123807, 1.0336337943675542, -1.0511892556898519, 1.069583359854617, -1.0149500974720687, 0.8916890313879746, -0.8332320116546115, 0.7474653892461107, -0.5857987126918078, 0.47042471815588693, -0.5345569179989974, 0.3996223079249462, -0.22946252863328107, 0.22437665861721826, -0.07587733192053313, 0.04126310987635458,S
0.0, 1.2949772890616453, -0.6405602254487446, 1.0052964374126587, -1.2512469964468087, 1.013629803410461, -1.6367230397862258, 1.3685336200881844, -0.893796160762758, 1.0008157181312978, -0.7637497878424441, 0.9104328553624293, -1.0326200778910142, 0.4223957710365025, -0.4046315405693153, 0.5412893672476562, -0.27805865547526065, 0.2529391645873163, -0.2780233461386711, 0.1069416058030436,B
0.0, 1.0190053608345324, -0.3641480528163013, 0.7904270108907933, -1.1081566395138651, 0.7368408217010718, -1.139917516749685, 1.0856727854667594, -0.667326195298146, 0.5612614941373876, -0.6787834584765562, 0.7902355787205945, -0.5633962174473632, 0.24854519361736296, -0.38617648000067817, 0.20479366705624766, -0.06241376137263698, 0.2403606595106591, -0.0931145494019457, -0.05151240816989311,S
0.0, 2.0989772246610996, -1.9752734722609648, 1.419043774308698, -1.1468436112428717, 1.1580862656366546, -1.193288493913426, 1.0423457981897222, -0.9470231598413776, 0.9178533966135398, -0.8807468482762965, 0.8300763033435029, -0.699876819847233, 0.5364872113230597, -0.4931441065700333, 0.39628923618924866, -0.2896395770296812, 0.26462333092533225, -0.2026428934078845, 0.09103067843407543,B
0.0, 2.0618952110236237, -1.6254728118993713, 0.6404632455010743, -0.3056944891179994, 0.6170569531913852, -0.8003592769401312, 0.5039335650154908, -0.3220658625268232, 0.422643221533383, -0.49577240108367665, 0.3797522153051559, -0.21824476630137932, 0.17287888297211987, -0.19114670929933783, 0.19056072686094577, -0.2181666227002757, 0.2119027032397814, -0.11441266269851387, 0.038707946633870935,S
0.0, 1.5726928600407284, -1.2194271062544901, 1.2221952261046591, -1.1919197916276223, 0.9157838598513767, -0.9451330174541718, 0.9856048802296665, -0.890710649639063, 0.8062999015917274, -0.7654471819935038, 0.7179569251803516, -0.5599000563128248, 0.4249433198535773, -0.5434160273074069, 0.3996283105242086, -0.21342224065128543, 0.25274174868380256, -0.06575308388951501, -0.004701103226966733,B
0.0, 1.3918608322055401, -1.0109007619731234, 1.0809137761666172, -1.137011866886806, 0.9683957280110924, -0.9676619311408918, 0.9810020841956412, -0.92431583196524, 0.7999107456905434, -0.7392891517231484, 0.6476069263156401, -0.4960916193125606, 0.3996377370531087, -0.4813146337876496, 0.3589200994471012, -0.19545661298485906, 0.2002729197520515, -0.06146041363492978, 0.03450458004747344,S
0.0, 1.2947948911246134, -0.6433670541669169, 1.0125608121640912, -1.2614807029492592, 1.0198535020079362, -1.6456136162026105, 1.3702020803353527, -0.8910986363984229, 1.0001357837242109, -0.7588241481134428, 0.9039775572009385, -1.026024982813013, 0.4111328942662713, -0.39577932903105656, 0.5339763406052184, -0.2718075372255516, 0.2529568009393566, -0.27534133923978243, 0.10401030189199478,B
0.0, 1.018621362056474, -0.36778996359606353, 0.7939591942570573, -1.1112723342541921, 0.7405164665169636, -1.1440480980775265, 1.0930383549636558, -0.6753430791928964, 0.566768460979361, -0.6863576640028616, 0.7963377088042477, -0.5671265169218157, 0.25384706924447176, -0.39130042910188756, 0.20847057384257325, -0.06344614012447349, 0.24087830025616042, -0.09636690344991954, -0.0489499572206874,S
0.0, 2.0948455046307823, -1.961373287535491, 1.3978628237156259, -1.1251003211344852, 1.142331387414066, -1.1852447778818136, 1.0340889543617928, -0.9286788304848744, 0.8891400192275142, -0.8526516643211738, 0.8112208700561816, -0.6870905985813659, 0.5247373010323025, -0.4851378389654788, 0.39252563720629563, -0.2849020412794879, 0.25698915683251705, -0.19582699154676683, 0.08812294003052511,B
0.0, 2.0590172406589304, -1.6168362989507024, 0.6295983828589006, -0.2992759822794763, 0.618536751579007, -0.7998708441019702, 0.49030834652893973, -0.3002699969602557, 0.40558028381275546, -0.4884639527718182, 0.37903256941267294, -0.2216685270309438, 0.17649066680266096, -0.1928625912989605, 0.19482254169013982, -0.22375294810918642, 0.21624828442441332, -0.11966857603907528, 0.04165853012430867,S
0.0, 1.5798024934879495, -1.2431237271933187, 1.2405543379692041, -1.2025099566946664, 0.9273901918693315, -0.9568201267547377, 0.9941290157205499, -0.8911977339381395, 0.8023918048175116, -0.7692668185932032, 0.7237743979217959, -0.5684189840611376, 0.43217776946575837, -0.5444220935167893, 0.39852626007932074, -0.20938547359866735, 0.2457100063951575, -0.05717593341964722, -0.009965764054924501,B
0.0, 1.3867461181931033, -0.9987288242420377, 1.0705204344509873, -1.1311028300254875, 0.9669477891464193, -0.9681893446374277, 0.980912053190965, -0.9227178761653574, 0.7954518240001567, -0.7336567453767745, 0.6436805124733721, -0.493135661141512, 0.3976139807297665, -0.47945519878072534, 0.3525069325895935, -0.18614563536858644, 0.193666748795259, -0.05761932338433348, 0.032272518411986334,S
0.0, 1.2813054215848534, -0.6167693043132574, 0.9787580155848771, -1.2155427381374881, 0.9634328301815709, -1.5823620583493958, 1.2998979891110671, -0.8228898650896302, 0.9347184921722987, -0.6998032596428868, 0.8546685355322209, -0.9802518840036722, 0.37333031752022183, -0.3679321518994285, 0.5109217544438976, -0.25763534851197956, 0.24331522383803234, -0.26649448957766525, 0.10074395975744073,B
0.0, 1.0130243146524398, -0.3647899340259466, 0.7910370949250454, -1.0995839455214904, 0.72981477978617, -1.1369459855085087, 1.078102903922365, -0.662314445527046, 0.5586587269002959, -0.673189493668232, 0.7767522474886334, -0.5465421175042974, 0.23766675276090682, -0.3776203021021485, 0.19543320123579402, -0.05547575169002086, 0.2325864090025477, -0.08604259397872083, -0.053322321910707404,S
0.0, 2.092165096907476, -1.954571887782199, 1.3862301713468945, -1.106278014880306, 1.1186006224740699, -1.1616966491673693, 1.0134207513629214, -0.9138506619891906, 0.8800467528101324, -0.8431076309342874, 0.7949828980698121, -0.6658107098282582, 0.5061092732494065, -0.4750100919419557, 0.39109643867384397, -0.28727914972092006, 0.2584566375723063, -0.19619511629904277, 0.08822660341610834,B
0.0, 2.051497733370835, -1.5969394356683349, 0.6092724889985393, -0.2848019154977362, 0.6039099302975971, -0.7828574976015004, 0.4731975429744001, -0.28414270335177216, 0.3889028316499154, -0.469589826596383, 0.3547265783294265, -0.19290041852469184, 0.15015644420760135, -0.1755500435517069, 0.18466984774702047, -0.21019372258278576, 0.1942315464920625, -0.09939607997994977, 0.0335850792798284,S
0.0, 1.5959372144146007, -1.2560071578517866, 1.3070427217363627, -1.2853247953363405, 0.9996928616786899, -1.0060917732295844, 0.9606064205994262, -0.8508808783623617, 0.8165701049982349, -0.795754668796156, 0.6749488264483444, -0.48249036565254777, 0.3594113384743229, -0.4592914050321449, 0.32610842045691046, -0.17623402353895454, 0.26935095583494345, -0.11787551724304796, 0.020417620147791634,B
0.0, 1.5751256447348447, -1.2405557669087903, 1.1993676457367617, -1.2578979454209975, 1.0747644068128597, -1.073290193766378, 1.0582263207422933, -0.9730422594052529, 0.8771144022829468, -0.8700231168729905, 0.7679135992576658, -0.5666890149536971, 0.4568639501637158, -0.4990924518469595, 0.42285097601918337, -0.2857884968301512, 0.27461836834863546, -0.1297110966590137, 0.043129831782769974,S
0.0, 1.1847869659596293, -0.3616898797396057, 0.6848130227866495, -0.9047168150567341, 0.5225294561661677, -1.0215481665098365, 0.793984979016686, -0.28112141315499356, 0.3108682868667133, -0.2812318298793822, 0.5532504105416043, -0.5900252599778582, 0.13052503134825627, -0.27528782389309014, 0.35745473354174295, -0.15129488205136163, 0.24017945127252208, -0.255942742511286, 0.07505087660950867,B
0.0, 1.1167077606143356, -0.4408224326033145, 0.852949331901041, -1.2152284243903717, 0.7731866911377104, -1.195093528981828, 1.1404593361200326, -0.4947196731756069, 0.3664732879965428, -0.5965725356386112, 0.5140068345572767, -0.21852686704596921, 0.06985322213478845, -0.14878247658460744, -0.07204040531347135, 0.03787986649368636, 0.16408987855719515, 0.012214688933680422, -0.09346010648688101,S
0.0, 2.1584706959508666, -2.0307286726811378, 1.4045070967415778, -1.1261402204939963, 1.166437089557295, -1.2129622411593945, 1.04544215131911, -0.9904352581149023, 1.0081295982529181, -0.9062844346060753, 0.7881111884976206, -0.6553843420904217, 0.5078030332709194, -0.4522541228631539, 0.3604413126505727, -0.2833001628055394, 0.22098667196391591, -0.10563839958208186, 0.04209890708030477,B
0.0, 2.003619181131867, -1.5038706043395038, 0.5545155593178099, -0.2943093708184563, 0.5499677998456537, -0.5347980556368801, 0.17575693517347313, -0.12025243081905844, 0.31613176015418015, -0.3939565133950964, 0.3221870739227376, -0.2997827120181878, 0.3541071990373622, -0.3756818972336021, 0.3490555584039615, -0.34859777126318386, 0.3219165890158832, -0.21233874294948885, 0.08800621015399665,S
0.0, 1.605614208626381, -1.2648140703057382, 1.2933938094381892, -1.2609654511340205, 0.966877931470612, -0.9721863075187394, 0.9351761453707003, -0.8330622531770642, 0.8040759430326463, -0.7800685004795169, 0.6516180346187226, -0.4548491008081853, 0.33440917170879964, -0.4472277556700934, 0.3215039704825308, -0.17927440028728214, 0.271290355045712, -0.10993245084501085, 0.013225382587360465,B
0.0, 1.564387057375047, -1.2178400919530208, 1.1703284799140925, -1.2305927544409923, 1.051111686971041, -1.049170687047554, 1.028515245689656, -0.9381838597174528, 0.8443521372343997, -0.8441254059515837, 0.7453425350576289, -0.5468065129452048, 0.4399672598605839, -0.4838159678245456, 0.4085032301647363, -0.27513892952315294, 0.2671324066692416, -0.12323753888695622, 0.04121968028334414,S
0.0, 1.1797369380536145, -0.35136666935455396, 0.6733559611555837, -0.8913542872099582, 0.5064278061949751, -1.0057430885375247, 0.769814567356234, -0.251730573410704, 0.28351670385746114, -0.25578009913295985, 0.5320459078349912, -0.5700192317374124, 0.10985789214689286, -0.26043655123885245, 0.34274777064116213, -0.13871299817538035, 0.23402165223136695, -0.2488094770289052, 0.0702370597179,B
0.0, 1.1025983367606775, -0.41449460945216554, 0.8192621582677859, -1.174220106209493, 0.7216404030427241, -1.1339160491985667, 1.0753819765268111, -0.4248941591510034, 0.2938564024950042, -0.533244614160994, 0.4553794115928757, -0.16602500736569803, 0.030013862219153704, -0.11674534054819936, -0.09468482257799718, 0.051394817055631065, 0.15334475611697243, 0.018056057993900056, -0.09420586592612239,S
0.0, 2.1282674216313264, -1.9538947845837762, 1.315455356443933, -1.0467125570054963, 1.0910979368159124, -1.1361260064506988, 0.9702888283531329, -0.9250414887723093, 0.9503975410180232, -0.8539419148993959, 0.7437501199326724, -0.6206241052255057, 0.4800926339084452, -0.4246441774423193, 0.3289195527748271, -0.24945767597717158, 0.18752434843687132, -0.08170943925055887, 0.034278319454471046,B
0.0, 1.9807115519661338, -1.4402854454377236, 0.47771886937835795, -0.235603943320495, 0.5102773137813293, -0.4960573259175652, 0.13426281831913067, -0.09071951016127389, 0.2996399034575766, -0.3722638653257771, 0.2866227925690923, -0.26188894023900505, 0.3238698066500605, -0.3513387497659469, 0.32863818654234134, -0.3303615386382329, 0.3030589606263225, -0.1948349116429665, 0.07996518340109908,S
0.0, 1.610940174120277, -1.2983709808690531, 1.3630291408363036, -1.3549104883049563, 1.0684139824909131, -1.0688886941998403, 1.0190961558031093, -0.9071681186783606, 0.8724607955321323, -0.846495460715736, 0.7218942595316851, -0.5204424402675701, 0.3883290323375342, -0.4940037743508406, 0.35480052237379767, -0.19352843692384583, 0.28417362483601005, -0.12811939483715068, 0.025006377246677106,B
0.0, 1.548829205259733, -1.1899219896907332, 1.1501192564450184, -1.2282607056786363, 1.0625158176260272, -1.065074993355327, 1.040538526397984, -0.9456145684051612, 0.8500180018305036, -0.8481724227550167, 0.7459604062268648, -0.5452554041593513, 0.43572691271474584, -0.47582897425781956, 0.3946506341414464, -0.2575912805531447, 0.2550165318466043, -0.11967398320271237, 0.041950968435606174,S
0.0, 1.1800859316930563, -0.35522102299177016, 0.6824432556698486, -0.9064010398517672, 0.5209389164296093, -1.019258954970564, 0.7861649738072746, -0.26699496428139147, 0.29893456669803803, -0.2691465532545583, 0.5439879116330737, -0.5823117396108842, 0.1176981348252765, -0.26979779153172945, 0.3540116309928949, -0.14253124757579122, 0.23617827619377643, -0.24931040890314196, 0.06920386540223443,B
0.0, 1.0963457856152776, -0.40615773049233944, 0.8099015556968018, -1.1623598149939751, 0.7119582908733018, -1.123714804397818, 1.06029507302472, -0.4151677237899495, 0.28593762455073146, -0.5258385163399402, 0.45424871785815535, -0.16283185545291087, 0.024171977762409133, -0.11746427001776105, -0.09304709216900979, 0.05220660040194935, 0.15500020390724958, 0.015209762417085528, -0.09331583419157596,S
0.0, 2.1228503050347762, -1.9353556539623187, 1.2909184681072654, -1.0270254485471613, 1.075266225822904, -1.1172880182286098, 0.9446259054065637, -0.8956277504464516, 0.9223787328763624, -0.8297157815927759, 0.7247096697403913, -0.6060379368821, 0.4665848276138774, -0.41045264533162634, 0.3154360440650458, -0.23845850243890387, 0.17928587111544675, -0.07634460903254403, 0.03202541204180778,B
0.0, 1.9822080988686182, -1.4438016867680843, 0.48365785882600515, -0.24460058972249232, 0.5231702614112829, -0.5103187939618429, 0.14708434346445712, -0.10367196993385495, 0.31389874036845056, -0.38490608220255995, 0.29555423779909, -0.2687071203926959, 0.32924444334792674, -0.35395081971480186, 0.3296191307236698, -0.3299932967368532, 0.3002624541837395, -0.1916277659742164, 0.07831688136571244,S
0.0, 1.6110472522143824, -1.2987918469361968, 1.3642063795524757, -1.3570880990098921, 1.0712860656246457, -1.0720699917897707, 1.0225551519325877, -0.9110684974306696, 0.8767493251207062, -0.8511140065964228, 0.7267532858551475, -0.5253591149707422, 0.3929871117224577, -0.4980593075558102, 0.35794195934602324, -0.1954773972267041, 0.2848839941286258, -0.12791058741240835, 0.024735444185094213,B
0.0, 1.5485443209692478, -1.167847850049153, 1.1184177397463277, -1.1741845630252998, 0.9920589763345499, -0.9932401337459257, 0.9728866153072938, -0.8829575180879815, 0.7930405692392831, -0.7928700037898545, 0.6947246348248352, -0.49854936174580794, 0.4000019141977634, -0.4469371318565649, 0.37425276909294664, -0.24498544028437466, 0.2514903002002908, -0.11916384202095937, 0.03881234146816223,S
0.0, 1.174163437980406, -0.34766927710032863, 0.6774580926241065, -0.8996177683445388, 0.5140494835348177, -1.0115460724317185, 0.7736606275684054, -0.2589107459990803, 0.2970581007404678, -0.2674514334389992, 0.5369823777796503, -0.5701422256669989, 0.10819752920141865, -0.263038465782125, 0.3468543100510993, -0.13596569128643424, 0.22679627002766567, -0.2397350114173715, 0.06574145750887489,B
0.0, 1.093596649205112, -0.4090569142440761, 0.8039090400229908, -1.1525958690783558, 0.7131464293089017, -1.1145516745832593, 1.0473974357779146, -0.422226986788296, 0.2865928358038868, -0.5205824018890802, 0.45794931103669984, -0.1647191121353463, 0.024705069501682914, -0.12247178204215227, -0.09034813352414266, 0.05678395256903848, 0.14669942610562692, 0.016934062005523942, -0.09073183653922064,S
0.0, 2.131310777491371, -1.9550255609697325, 1.310784824577966, -1.0388544304182386, 1.0832318044067388, -1.1257999392734341, 0.9538702532362967, -0.9051999064997934, 0.9324872970680109, -0.8388229206280092, 0.7324150058102357, -0.6131437001235571, 0.4724104083970749, -0.41507941233100254, 0.32222468487844036, -0.2476217967445367, 0.18825897987638907, -0.08210417482985181, 0.03336155986091392,B
0.0, 1.9800267389646091, -1.4346636690076393, 0.469621586254769, -0.23243111648305192, 0.5164585606926649, -0.5049650112443766, 0.1386539336560759, -0.09619791770080655, 0.3129562657394854, -0.3859590311377309, 0.2900236973413357, -0.25868439375980173, 0.32295320618797435, -0.35143381631525084, 0.32311595897230866, -0.31515817267077323, 0.2825804763654582, -0.17932412252107358, 0.07378977698451275,S
0.0, 1.6074016971606448, -1.2924554431924498, 1.3538475319826555, -1.3353231086252009, 1.030357655323161, -1.0209559528378707, 0.9808512823854124, -0.8775845562672707, 0.8490812422770068, -0.8248185231493099, 0.6914788042393634, -0.4870269563285033, 0.357784099577686, -0.4662934083888397, 0.33675605685417603, -0.18678634929383847, 0.2764545546110814, -0.11723306616204662, 0.019406858897684197,B
0.0, 1.5309255530542998, -1.1318001218518081, 1.0840019000152654, -1.1570954636564466, 0.9937782098726857, -1.0033819733440168, 0.9775034078287668, -0.8804431195778629, 0.7884911801026108, -0.7899339189583282, 0.6934186690090434, -0.49876087441116596, 0.39801396943756134, -0.44142256543709324, 0.3680689925926268, -0.23758073199124705, 0.2418684339411493, -0.11151680569007813, 0.03747370913917798,S
0.0, 1.1781222368405477, -0.35609700675463485, 0.6798048352946336, -0.8983529228377569, 0.5176122565007883, -1.0105759660256435, 0.7691914358927884, -0.25533838932894404, 0.2899659425961359, -0.2611195351220248, 0.5331377327228395, -0.5612262462502174, 0.10398681271017889, -0.261223605325855, 0.3420920905746228, -0.13433766067418837, 0.2279454811264367, -0.24036591010812441, 0.06644127121457283,B
0.0, 1.0895139865389665, -0.39697845038485047, 0.785223795162383, -1.130588024367191, 0.6873350670026515, -1.0821275259873142, 1.0146941835503724, -0.39295053199725405, 0.2620733406819558, -0.4981464676821094, 0.4366919648467929, -0.1516607345577247, 0.016332668325607466, -0.11165291033312043, -0.09389805906024094, 0.05528125467501658, 0.14497789386116613, 0.017581765124833185, -0.08965425684822628,S
0.0, 2.1328308266311966, -1.9628286556185397, 1.3252979605551134, -1.0498566641802434, 1.0838994660344434, -1.1249574965828835, 0.9615048710823529, -0.9164827982470313, 0.9363598783458155, -0.8392209225925402, 0.739364390483417, -0.6224665038129421, 0.4757872959588351, -0.41555953873198936, 0.32647360507162326, -0.25380023950446534, 0.1903347876451052, -0.08014498701467498, 0.03182806204115296,B
0.0, 1.9798302264787202, -1.4331149007837256, 0.46693957221304205, -0.23042615127889832, 0.5164407551018687, -0.5041560269095403, 0.13435670499725452, -0.09068268141031528, 0.30743605693468534, -0.38237026700910576, 0.28984153193103335, -0.26064246887132664, 0.32654324057000217, -0.3577655780404301, 0.33155030192700136, -0.3264397463458343, 0.2972539298128612, -0.19257816574098133, 0.07916470199617019,S
0.0, 1.6450703729543568, -1.416312670614069, 1.499170782140501, -1.4216387485637922, 1.1718579124825323, -1.2250449864051258, 1.220445307756178, -1.1389088277326609, 1.0616135769280328, -1.006187204252477, 0.9656677808400099, -0.7914913477001814, 0.6042023768195738, -0.5929066853471056, 0.3710704916214355, -0.15056917473839232, 0.15793918077563684, -0.0391364378178423, -0.02177226115175685,B
0.0, 1.491659281390719, -1.126386998173677, 1.246165438447786, -1.3324710191210725, 1.1790394189549693, -1.1509801423964645, 1.0982524803240101, -0.9971131430438094, 0.8807129229755211, -0.8154133529272372, 0.7841244358786901, -0.6345265153079829, 0.47268742460952384, -0.545544721141034, 0.4070532402717454, -0.2464891984382131, 0.2506200327197438, -0.12550533811461478, 0.04375541150035369,S
0.0, 1.0856477061138186, -0.20523662817658272, 0.6692402700846632, -0.8909424406309172, 0.3572220521629511, -1.016937759238949, 0.7904213241975658, -0.19599511595102667, 0.38217088911637104, -0.41078969991997344, 0.581423583085226, -0.6333870904398321, 0.15902057273451806, -0.3137615959471386, 0.3813804217245862, -0.16376599451343513, 0.24516825110684345, -0.2083274037038085, 0.034306890641807544,B
0.0, 1.1981837840684155, -0.6031320863808188, 0.981606465546045, -1.3666750452426852, 0.9416163790456106, -1.2992995260001816, 1.2779977456717455, -0.6534776505109371, 0.4460436894701465, -0.653969971774242, 0.6218142887115944, -0.35965796490247626, 0.17583311130403195, -0.26807960240271667, 0.08077754809778517, -0.076261893249078, 0.23120955035093418, -0.05450039502435105, -0.05983463576314349,S
0.0, 2.2079379202042557, -2.2218511834888437, 1.6298654860619866, -1.2715901147033928, 1.2470882431590986, -1.2736216494529993, 1.09212227107907, -0.9613883848556973, 0.8667162571025732, -0.7230953737007001, 0.6468665480219855, -0.5788296145349672, 0.4936340783952104, -0.523880168341152, 0.5127111207421141, -0.433303938250628, 0.3322903409696444, -0.2037650447746781, 0.09703341565839023,B
0.0, 2.07682315472658, -1.5594544799196333, 0.4654203421898604, -0.11194262490041694, 0.48273435812432397, -0.6986584114023718, 0.3453269393710973, -0.18879196556237432, 0.39929276977337164, -0.49831758777449464, 0.33616150503614134, -0.13536402648655188, 0.14600768427654076, -0.24900895778021792, 0.22389345875797426, -0.19198498094761818, 0.18420645179379957, -0.10241511051204044, 0.034531535857052195,S
0.0, 1.6501971632427115, -1.4252185367571264, 1.4988585592202168, -1.4133592793695458, 1.152497540096107, -1.203624716756196, 1.21717278254082, -1.1429099249461252, 1.0617327573510624, -1.0005893197493148, 0.9512310694160611, -0.7651897639463913, 0.5716826725055048, -0.5623866125322765, 0.3432718769622195, -0.12772066661564818, 0.1437486661085478, -0.023976177301261198, -0.026252058429106453,B
0.0, 1.487600913372403, -1.1243470901148667, 1.2491476078158175, -1.3429366105163116, 1.2056235705855378, -1.189279385710786, 1.1366356392753936, -1.0363559873356882, 0.918615771946592, -0.8468111159056297, 0.811348410685706, -0.6566353898971411, 0.48593220186835273, -0.5513982366733619, 0.40832067837617964, -0.2458898586875093, 0.24727949805822114, -0.12355402486547433, 0.045102487134015413,S
0.0, 1.0761230502421713, -0.18835267087634341, 0.6547301435142703, -0.8737147026551774, 0.33491464940570614, -0.9962248859012427, 0.7640025712107377, -0.16935339118747514, 0.36079413601087024, -0.3873766160144543, 0.5579423082109817, -0.6106017419752202, 0.1350989351441345, -0.2964049172342805, 0.3676756418910695, -0.15027100013001182, 0.23451919406476152, -0.20064339000460488, 0.03103197689568064,B
0.0, 1.1820461343075024, -0.573423697434326, 0.9417285792766831, -1.3140023842479478, 0.8810683894809287, -1.2299706057563844, 1.195059155454028, -0.5686591353216753, 0.3636663284656564, -0.5756916483071507, 0.5520333029638835, -0.2993965293437996, 0.12429999729382671, -0.22873103797746666, 0.05392116186523802, -0.05784880150406906, 0.2173218533343388, -0.046079144436517186, -0.062489874025504,S
0.0, 2.197547536735279, -2.1901515580305526, 1.5900864765262173, -1.2378544660875856, 1.2170645681559653, -1.240143293883964, 1.0539266147415796, -0.923916356425168, 0.8314235256386958, -0.6873477923229672, 0.6145722161166213, -0.5564187135512141, 0.4809828875478948, -0.5135457300746828, 0.49857785789772896, -0.41795331358033894, 0.3206103685807506, -0.19649619966420834, 0.09393040123150356,B
0.0, 2.055208699904427, -1.503104459326092, 0.4027868701232597, -0.0665555370436274, 0.4537879032357284, -0.6684306126184569, 0.30578914784215516, -0.15200086531621013, 0.3694663421116879, -0.4721738059146229, 0.3151312568029528, -0.12519979000265902, 0.1458433813058355, -0.2461639836413111, 0.21188466330655273, -0.17564458778090894, 0.17076756124284168, -0.09534273645714263, 0.03238325945990484,S
0.0, 1.653087041012651, -1.4294709399592411, 1.499245627081476, -1.4156424088898474, 1.1566599639270363, -1.2100332429879326, 1.22170035595297, -1.1446419620511603, 1.0641880857731316, -1.0026460824523649, 0.952169197583779, -0.7684041483138229, 0.5736116873908151, -0.5601753960626696, 0.34099210278777137, -0.1256546058529045, 0.14156251460812713, -0.022118990197819367, -0.026595713417936893,B
0.0, 1.466679599846187, -1.077636180443839, 1.1815265889204594, -1.2554270082897727, 1.1213828153876206, -1.1188360740099645, 1.070971565853642, -0.9798156766561884, 0.8742165031737138, -0.8057654613475269, 0.7699343244122698, -0.622400886120082, 0.46021592355473223, -0.5257832975119594, 0.38446474637974537, -0.23156827514463388, 0.23529084760445845, -0.11267282040257863, 0.04203600725105795,S
0.0, 1.0758330900042201, -0.18885920611746715, 0.6600359813284864, -0.8836436612397384, 0.337676980192153, -1.0017723157962266, 0.770879679302969, -0.17035622775924336, 0.3628698911728179, -0.39060616840205753, 0.5625354821444669, -0.616005162521102, 0.13507843165925143, -0.2985592739722609, 0.37075717825995014, -0.14981006027967253, 0.23666212181045504, -0.200559387065916, 0.029222463480227986,B
0.0, 1.1750717468879641, -0.5584059279155577, 0.9192316957312209, -1.2840672436578267, 0.8452273192135724, -1.1904058119180136, 1.1526392293983116, -0.5307075538750111, 0.3327957713783632, -0.5541004341218108, 0.5399133587230086, -0.2930806893837525, 0.12144375387380012, -0.2303855931393305, 0.058897454941889686, -0.06304546016651362, 0.22058033723120557, -0.048401844946946306, -0.06094418061203661,S
0.0, 2.1973409644839133, -2.1842523634648106, 1.5747300241357942, -1.2187966073640712, 1.2047967594707618, -1.2360529657515995, 1.0488930868813235, -0.912741282701868, 0.8175416358787877, -0.6755494996565846, 0.6055298668094774, -0.5490154324058377, 0.4772116182598253, -0.5160128360300643, 0.5041268580026782, -0.42135984493951567, 0.32107972815289254, -0.19543786707698477, 0.09284326346554866,B
0.0, 2.0527936415738974, -1.499281453189371, 0.4017613061391768, -0.06626835420499617, 0.4542892022149759, -0.6697484447644256, 0.30728139569196533, -0.15656868148954206, 0.37501490200587345, -0.4729950088514306, 0.31057677077892715, -0.1166782178016332, 0.1355399198211435, -0.2384844912510762, 0.20891818414065028, -0.17215808886082115, 0.16411902525230238, -0.09065415350482084, 0.03109649616024628,S
0.0, 1.672471754355116, -1.4787844130984167, 1.5591915002078214, -1.4911279150654198, 1.2508053987458907, -1.3070407558180068, 1.318171867957853, -1.2392164666489829, 1.1580544969949371, -1.1029838543042436, 1.0540591202061265, -0.8652900188263075, 0.6700194359434809, -0.6457936911666872, 0.4001794850103718, -0.16815975740738903, 0.1715832890473301, -0.040343962853295626, -0.020986710056337222,B
0.0, 1.4708297146578355, -1.0707895962460532, 1.1755880869457775, -1.2475083199620765, 1.1067813145615142, -1.0979519400821023, 1.0428153190265264, -0.9536952726580346, 0.8455584052787479, -0.7728801470015092, 0.7383250671166323, -0.5945501485787541, 0.4350455052180225, -0.502878134703304, 0.36921201309554125, -0.2243148232415178, 0.23337895756496901, -0.11261766915890853, 0.0400630317640465,S
0.0, 1.071243200107311, -0.1848975597157045, 0.6617437658633791, -0.8863605760526332, 0.34010093894194265, -1.0066518813462935, 0.7723635140332502, -0.17306577797739245, 0.36869734208440436, -0.39158185027871734, 0.557585151542504, -0.6094592412068444, 0.12741243682298914, -0.29281710711927333, 0.3673768666624468, -0.1454918552429287, 0.23133467486440848, -0.19839974169029032, 0.029542422049001555,B
0.0, 1.1644641452885884, -0.5425900154682597, 0.9004964563961911, -1.2571099426549133, 0.8145988848979034, -1.1602717804922174, 1.1179709725773666, -0.4995278812833857, 0.3140122210062216, -0.5437099031300809, 0.5294225775941438, -0.2889699759840859, 0.12601843736634272, -0.2336143497119138, 0.06355888000155514, -0.07108955316046411, 0.2221906326066166, -0.0472043547643399, -0.05991266121155457,S
0.0, 2.198861438883563, -2.185740879892688, 1.5731794512255328, -1.2120019372878765, 1.1944796024910331, -1.2250911607756476, 1.038765549813297, -0.9052954653887403, 0.8138835966782209, -0.6749144054014243, 0.6047186533277495, -0.5439549753053721, 0.46780928109458475, -0.5060124887863139, 0.49555298521434704, -0.4125921744615727, 0.3127478702659214, -0.1901901065515406, 0.09092196879725004,B
0.0, 2.050191078377637, -1.5028748596602148, 0.4217176482506383, -0.08602949749925129, 0.4549603365421262, -0.657637938630071, 0.3005417856273815, -0.15904735471070658, 0.37235662057342955, -0.4603046324443405, 0.2998891228125441, -0.11843711707340437, 0.1434647263635461, -0.24098313124542808, 0.2068030434256918, -0.17403064172917984, 0.1718782857242115, -0.0987880228829197, 0.03454132934621066,S
0.0, 1.669259030575663, -1.4696186801429856, 1.5399039167738455, -1.4606471079810737, 1.2105898298752666, -1.2665707043004852, 1.2809425064311897, -1.2032699814630716, 1.1236740497370057, -1.0637982290157246, 1.0075591551489298, -0.8258333705187975, 0.6439441310245452, -0.6372604945757738, 0.40721969116008433, -0.17784350470947372, 0.1773514736573719, -0.039841034966033445, -0.02275995802019577,B
0.0, 1.4587953003537357, -1.0487672198264926, 1.1484120604250219, -1.2174149477292129, 1.0916414613832384, -1.1029487478468283, 1.0570160468735543, -0.976038251784365, 0.8777542660486408, -0.8109718896724117, 0.7743551167889453, -0.6309300179672801, 0.4700509152928878, -0.527167130946329, 0.3881489158974524, -0.23826964404639076, 0.23608493900361407, -0.11420231504159671, 0.04336166543851946,S
0.0, 1.0791140388344744, -0.1938618369764017, 0.648579612034647, -0.9005266694699209, 0.3604275391058603, -0.9913001406799999, 0.7882908290460047, -0.18245062182769653, 0.3465216767630845, -0.4189086294698953, 0.5722109109567599, -0.6054537319843699, 0.15492969908914736, -0.3038957389568059, 0.3752086214191158, -0.16938718378939158, 0.23645057166986, -0.19831188378012246, 0.0342753904718311,B
0.0, 1.1518878034212947, -0.5176148691143065, 0.8643965854749155, -1.2107085531617923, 0.771055600568971, -1.1143300446752509, 1.07107604705164, -0.4687722023281677, 0.2925811160193866, -0.5257373582599444, 0.5204491242246851, -0.2834384872371298, 0.12192520084460168, -0.22983238382685323, 0.060095002146417865, -0.070507130806274, 0.21847489136886145, -0.04182919829092187, -0.06148636998526411,S
0.0, 2.1910390630072425, -2.168484367695187, 1.5614907374079878, -1.2082626657707805, 1.1873661073009987, -1.2134391154755486, 1.0277432590293853, -0.8925674967789557, 0.79335197603402, -0.6500480955888708, 0.5883794821167057, -0.5385343852964922, 0.4624831384283518, -0.4931936267573449, 0.47713727002790285, -0.39225540852459084, 0.29034853371529956, -0.17045796975199687, 0.0827418084210856,B
0.0, 2.0543219642784316, -1.513209755494075, 0.4171325563474934, -0.05667696341468564, 0.4255299485032087, -0.6502163550190219, 0.3037817083662268, -0.1477867057619334, 0.3517412720356933, -0.44974040860584547, 0.3026510593298969, -0.12683672307583624, 0.15245160744701405, -0.252092135603321, 0.21214954440802475, -0.16408480811996476, 0.1543321773243148, -0.08829259930524694, 0.03232917133304546,S
0.0, 1.624554715773876, -1.2357377914222623, 1.2169151134959972, -1.1514091494327379, 0.8659385633281073, -0.9372227389556493, 1.0444702378036184, -1.0537514914839992, 1.0027981317349801, -0.9285706606947797, 0.8967062897421041, -0.6798313209921238, 0.5032754516160597, -0.6273233373308986, 0.48627031215116884, -0.28432404541780865, 0.31778941327596655, -0.1350896584824159, 0.007464200927788234,B
0.0, 1.5002537651361552, -1.1052717806379917, 1.158823553157152, -1.2742881245218864, 1.1034341033710482, -1.0769882336556569, 1.037014260641123, -0.9652629453849041, 0.8258396137413975, -0.732104878852533, 0.670026055692945, -0.5093141819047599, 0.39113303950455874, -0.4590300691848679, 0.34762534841228904, -0.20135830301510785, 0.23029981944813496, -0.13248178347487527, 0.03630888638358272,S
0.0, 1.1729245054473023, -0.3071274627138977, 0.6696656656388994, -0.9733081951059275, 0.5703532837573544, -1.1515624678639775, 1.0005756319545835, -0.3575467255271476, 0.3925148998786294, -0.5377064548043365, 0.7525378674251804, -0.6889415147200788, 0.23501677073105087, -0.3184556489384631, 0.35183352616640057, -0.19763669663062253, 0.2693904602858616, -0.21766061729716019, 0.04642155406925366,B
0.0, 1.0909935538051636, -0.4724750478420315, 0.7868993902881115, -1.094078685514655, 0.6670055353335442, -1.0880350819904463, 0.985230140637803, -0.3905233822695571, 0.21403203986276179, -0.4836984350054351, 0.47245194809461205, -0.2891645297282116, 0.12040071407195609, -0.210372445785459, 0.05157985232154895, -0.08298354210237853, 0.2107473289534205, -0.05932335670200066, -0.04742436207976735,S
0.0, 2.1975242537534485, -2.0992748184916263, 1.4561055238121652, -1.1506758846150686, 1.1682508119595096, -1.209809589760464, 1.0317477406797209, -0.951896838998191, 0.9564403398385809, -0.824696822830716, 0.6866874685566121, -0.5901836696806049, 0.4959158949005368, -0.49181012880435276, 0.49802582494130243, -0.47495153141471225, 0.37586002513591316, -0.22695014995978588, 0.1018467751839538,B
0.0, 2.036662396537151, -1.5606854962268133, 0.6408877201883579, -0.404099123103398, 0.6746942482847095, -0.6943820740633567, 0.3159149543342115, -0.24662351963596624, 0.4397646226033228, -0.4393981014948932, 0.24380460280175323, -0.14754587330483046, 0.21702766076656457, -0.2683708821713369, 0.25614867839370564, -0.28763426117842517, 0.27688494254410007, -0.14279480223882163, 0.044730867796079155,S
0.0, 1.635327430898082, -1.279050630715684, 1.2879274875678377, -1.2343426162963695, 0.954172926449487, -1.0266022437086506, 1.1441053348312349, -1.1594921628060015, 1.0939727844077638, -1.0040835267895991, 0.9720498896188711, -0.7496144239512419, 0.5576019428810234, -0.6787516154991842, 0.5418418547909842, -0.32917207720436215, 0.35075862116422873, -0.1626556917769596, 0.018376765725187445,B
0.0, 1.480610858183033, -1.0632328704357306, 1.1099036922092318, -1.222782259932417, 1.0558639157215037, -1.0392583519266252, 1.0019533209418496, -0.9339963337742213, 0.7987817206805392, -0.7054724292953656, 0.6433539190053487, -0.4849511089084907, 0.3676505238915955, -0.4372956388640731, 0.33068969873889686, -0.18880652576629228, 0.22183773190005177, -0.1287259812308995, 0.036239657090223275,S
0.0, 1.1521359183133393, -0.2661509050308096, 0.628053874024086, -0.9249254988639359, 0.5114963510531719, -1.0799710520672636, 0.9195972053872227, -0.2837135639665151, 0.31968359819780273, -0.4603958052071165, 0.676011685854215, -0.6115707129809544, 0.16987500623040974, -0.27116057608549027, 0.3114004660842956, -0.16494891399017306, 0.2454398908767459, -0.20227434205236802, 0.041191242369198584,B
0.0, 1.071831979222312, -0.437692859086558, 0.7437832687761448, -1.043095721886329, 0.6115558469160216, -1.0257787532315106, 0.9163632123032701, -0.3248099775650171, 0.1487630959137024, -0.42583000358728335, 0.41821128905052807, -0.23392037788065775, 0.07480677385948406, -0.17241325561862986, 0.018314071781499228, -0.060595684829006805, 0.19132580874644117, -0.04287921262709478, -0.05328176802277976,S
0.0, 2.1865107631899243, -2.064457491856578, 1.4063753223545659, -1.0970511201143311, 1.1145890269212255, -1.1554362237935398, 0.9772907130926439, -0.9068054833848258, 0.9208942889131783, -0.7886874907100708, 0.6478859611238704, -0.5548092276763334, 0.4683998101041918, -0.47176406753623473, 0.4859118870703118, -0.46965237968082235, 0.3726179144310728, -0.22414944384744018, 0.1002055984024738,B
0.0, 1.9975780525696063, -1.4714177135222892, 0.5527606757196061, -0.3417485962807117, 0.6229867079994607, -0.6379625115113919, 0.26139759990749273, -0.20622295466687146, 0.4010156121808018, -0.39139051442550427, 0.19491738853901788, -0.11342489427388125, 0.1993942293689055, -0.25434913311518587, 0.24274630268550337, -0.27899578125426, 0.26910996527261527, -0.13604954400910782, 0.04314831986224804,S
0.0, 1.6432596129228123, -1.294424308591557, 1.2974251209403636, -1.2424019762341774, 0.9635384764113107, -1.0342104770450367, 1.151718320158276, -1.1714124005984354, 1.1047790592549733, -1.0139517798532172, 0.9805312075421343, -0.754375997345259, 0.5620396322999112, -0.6835739611404955, 0.5472149606500708, -0.33443656651476233, 0.3539846217222944, -0.16227026193800548, 0.01825262847069314,B
0.0, 1.4640221323044207, -1.029225957694372, 1.0760807003303983, -1.1955157662652054, 1.034353349042564, -1.0269409625958856, 0.9958995456012163, -0.9284477570738124, 0.7922313392044211, -0.6985900649180149, 0.6311502831648226, -0.46857999838169967, 0.35314544762077715, -0.4263420530917256, 0.32145193410691686, -0.1806858542366637, 0.21686443251110313, -0.12797673607577523, 0.037353415706897354,S
0.0, 1.1519267484993039, -0.2617952262249, 0.6239408126591192, -0.9223227244573362, 0.5024904473279941, -1.071822757047917, 0.9047758101821829, -0.2602404594453609, 0.2955311104080261, -0.4389056854024979, 0.6584710310244452, -0.5949941398938954, 0.15136018888534725, -0.25868385062899174, 0.30259328041376654, -0.1547414724207165, 0.23726450849577627, -0.1958680121470578, 0.03759432483574724,B
0.0, 1.0699054374810528, -0.4325392830426828, 0.7374352273362081, -1.0349611811512374, 0.6049348038042001, -1.0245703918497266, 0.9177456885888148, -0.32715688792975783, 0.15573010579842894, -0.4309146944664174, 0.4251441483898551, -0.24791487284049052, 0.08581589563395256, -0.17887857220913117, 0.026060545084286322, -0.06456901746882027, 0.19284909001274977, -0.046908396276905656, -0.050845899394323865,S
0.0, 2.1771698068039047, -2.038095021328252, 1.3696634690929508, -1.0583210830670082, 1.076477694039656, -1.1189911450658518, 0.9433892772519437, -0.8758138055469809, 0.8895477014330085, -0.7568417614627401, 0.6183927254276846, -0.5273595541201721, 0.4413526521820505, -0.4452821733761104, 0.45924693200666883, -0.4427614692567036, 0.34909736533341096, -0.21008232033703383, 0.0959569702634881,B
0.0, 1.9847880103181599, -1.4388572046399413, 0.5120754130894487, -0.30348437343570367, 0.5917629092125746, -0.6125656977557411, 0.23531787897475048, -0.18143373802623608, 0.38704712002589675, -0.3914061206457566, 0.19390562172540682, -0.10004139214412579, 0.17826231780634078, -0.23320975888190884, 0.22222442849185806, -0.25639585088897343, 0.24668187168661748, -0.1210918756329043, 0.03844959662463301,S
0.0, 1.631551993296201, -1.2602035312018396, 1.2531164485592134, -1.1990108719022, 0.9126282748426323, -0.9887648995737889, 1.1047367973721243, -1.1220472983379213, 1.0699849119803961, -0.9878943793975369, 0.9643037706617892, -0.7438972792192585, 0.5490183798424991, -0.6649648392620832, 0.5180221814498475, -0.3056068165759997, 0.34052786216831615, -0.14780052221223414, 0.006136444079508256,B
0.0, 1.453652544791583, -1.0047043581497392, 1.0461453309009767, -1.1632847683007241, 1.002064889976111, -0.9979213480020307, 0.971574381124242, -0.9049386552192382, 0.7714026665173062, -0.6852137514516047, 0.6241590757699922, -0.46233364499567337, 0.3460876736117882, -0.4162474130420121, 0.3062777102913344, -0.16465192722746536, 0.2039910278143317, -0.1202034716430953, 0.03423219568225709,S
0.0, 1.151775395718249, -0.2632134468472203, 0.626363211833041, -0.9219456512909033, 0.4970984500126274, -1.0672306749257137, 0.8934432597067357, -0.241816446615903, 0.27806121597948624, -0.4216460227193095, 0.6410531135593708, -0.5774861882084724, 0.13161807867719663, -0.24399300385545064, 0.29267551559719474, -0.1472164672446775, 0.23483573204250413, -0.19470702801337736, 0.03644465082945375,B
0.0, 1.0709631797221775, -0.43843258818527236, 0.7394962874725224, -1.0387505159449608, 0.6154870573497849, -1.0326975320212592, 0.9285262447684195, -0.3456538540912483, 0.16799581280666828, -0.44142402826778654, 0.4378497654035624, -0.2575897345582561, 0.09290436541284781, -0.18534738259054478, 0.031796155613191775, -0.06675670858024566, 0.19320343539888943, -0.05159193321821628, -0.0462600154482708,S
0.0, 2.1756272655879054, -2.0323941608555844, 1.3585013166289517, -1.0393467895763848, 1.0515420562931257, -1.093762339826795, 0.919488900874195, -0.8519913454740855, 0.8651088302086067, -0.7353043302777987, 0.6011904436361347, -0.5087528513152609, 0.4191911997284655, -0.42547687857658567, 0.44545547495415233, -0.43126111275728424, 0.3381129033998115, -0.2032269545306454, 0.09375056372890772,B
0.0, 1.9811987979038401, -1.4444022427095367, 0.5329627259774173, -0.3313082139696484, 0.6191588852064737, -0.6331934175784624, 0.25299462379206783, -0.19459264184957, 0.3918388457216914, -0.39186187488592883, 0.19447331157559283, -0.09764932215713092, 0.1687773967553267, -0.22512084672279828, 0.21926456087169738, -0.2515873640252338, 0.24089542367241334, -0.11797769788931951, 0.03755772253983768,S
0.0, 1.6212937088465138, -1.2316961236246848, 1.2127385055945115, -1.1442199145562753, 0.8372725376715254, -0.9089255927303574, 1.0281138473072202, -1.0372694459527068, 0.9709495534972417, -0.8822841152264727, 0.8565872380039645, -0.6430966973622985, 0.4715516241067145, -0.6041489845643813, 0.47201280061588163, -0.26865670645577583, 0.29812456946398336, -0.11778458153298796, -6.757697745380012E-4,B
0.0, 1.4590935242878864, -1.003210097884613, 1.056033922281538, -1.1781367381792214, 1.0272320866445188, -1.0321422812050776, 1.0053547596108567, -0.9381866698394995, 0.7994606452830803, -0.7073517596747617, 0.6440071450945509, -0.4783961541892409, 0.3587025265911704, -0.42855343735174045, 0.31916611201830764, -0.1735493679335371, 0.20723684543334905, -0.12494723417212729, 0.03284097814099282,S
0.0, 1.1537239668286217, -0.26756297086216074, 0.6348210495032515, -0.9384505521439916, 0.5161519327081291, -1.0893892676238688, 0.91799925118496, -0.2645001051048128, 0.30537696875011233, -0.4512424200326533, 0.6710377407183761, -0.6100656550879158, 0.15759867250567494, -0.26705897532373285, 0.3175148485199416, -0.16374435752995556, 0.24853205644148713, -0.20533392800672953, 0.03923632842711657,B
0.0, 1.0587006925277986, -0.41189367301833474, 0.6953430697740791, -0.9844542910259881, 0.5528711095226727, -0.9537708762788742, 0.8572999110096036, -0.28389134856547305, 0.11461978808875212, -0.4107247972592559, 0.40903145107824296, -0.23942976652223696, 0.09735340077923718, -0.1882659336888923, 0.035481857836447694, -0.07192336455798747, 0.19744186526292434, -0.059698733898726625, -0.041517759663851656,S
0.0, 2.166623888304328, -2.00273778790451, 1.3127204656773641, -0.9885408584426243, 1.0044821979102838, -1.055726231309167, 0.8894563875930538, -0.8268036449789201, 0.8434015260723717, -0.7130247663617746, 0.5721264688437849, -0.47166612309871736, 0.37942568671454113, -0.39016141059971476, 0.41718536931401257, -0.40907898377182905, 0.3175492710891933, -0.18509670460739144, 0.0856148350049932,B
0.0, 1.9737520337514625, -1.430975950426868, 0.5278680932150309, -0.3315359738270399, 0.608650166874228, -0.6124701552889502, 0.23702137784917052, -0.1891074562453217, 0.38545532015140693, -0.377351740596772, 0.18337231906161314, -0.0990864255457133, 0.17111855750363242, -0.21523490681267363, 0.2033591432755797, -0.24050215268469596, 0.23534523226612328, -0.11550305033248522, 0.03693544327400695,S
0.0, 1.541983127310298, -1.2068372636763218, 1.2304328713856394, -1.1659194076135708, 0.9239076717214946, -0.9430541273433785, 0.8948446651394331, -0.8318453165550554, 0.8009989744874385, -0.7423989758600341, 0.7341627186244873, -0.6120800971625839, 0.46405306877097136, -0.5514499292744289, 0.4499563485258596, -0.278985700478575, 0.29600364403145235, -0.11718901909131074, 0.022812062233877422,B
0.0, 1.4525404335830923, -0.9940143430161988, 1.0306215083990227, -1.118300464399532, 0.9938366141989989, -1.0006750318506008, 0.9727239325996097, -0.9449874252667304, 0.8536314586402451, -0.7826524226074054, 0.7488637542654878, -0.6041218071333924, 0.4444744076942746, -0.5073424543679304, 0.39364228164341714, -0.19082747806186928, 0.21036690252221357, -0.09290623937988765, 0.026081358698233442,S
0.0, 1.1255729753592925, -0.3233168622616189, 0.7487481146839151, -0.9051880156488512, 0.5227663540258122, -1.2885993545015249, 0.8693735642884906, -0.25595955790709135, 0.6398756098644209, -0.6566021620606196, 0.658290692984445, -0.7351064941712536, 0.34013542230762733, -0.36755370454563047, 0.40778174053569216, -0.2879444143993318, 0.28515572684201856, -0.1607441994630481, 0.010832412415396828,B
0.0, 1.0062531427771062, -0.47854766685509664, 0.950272196899704, -1.2217845794326363, 0.8113435666147356, -1.3665765120927393, 1.2804591142157682, -0.7141918272921512, 0.6536816848555492, -0.8286271156836553, 0.6610429920346765, -0.44900326267192575, 0.2720164968655389, -0.25165091716647925, 0.08002262140087692, -0.08021181099654899, 0.15869799353113667, -0.014045143202307167, -0.05606490447380153,S
0.0, 2.24289600417121, -2.169226943273094, 1.4947853400899556, -1.2080187061138712, 1.2773282664629904, -1.312539652182039, 1.0466196473383218, -0.8791255576419266, 0.8755208516361792, -0.7825741078045193, 0.6651027937363471, -0.5264092277599053, 0.35643171990492173, -0.3507065056694841, 0.3825498685975281, -0.33011353602516885, 0.25074772462100753, -0.15619124366270862, 0.07367571977803554,B
0.0, 1.9858014792624628, -1.4907797869806418, 0.5294685246953478, -0.2134229476295787, 0.4980305488362267, -0.5951327965450105, 0.2305609934693846, -0.11151941529208441, 0.29758088943062755, -0.40225898268896165, 0.30817599895179093, -0.2335470710956039, 0.2747770671016253, -0.3287240972585099, 0.3142424125750878, -0.32322805686372924, 0.3301444894768865, -0.2308483236599002, 0.10100570923577032,S
0.0, 1.5453948828697788, -1.2223696744599757, 1.2600263181740836, -1.205801209587012, 0.9643272654362118, -0.9865762471624245, 0.949821567247277, -0.8865844474045511, 0.8610971904496103, -0.8071660894268247, 0.7862755977172041, -0.660860762469204, 0.5111837565239727, -0.5880783286521714, 0.4754112229639512, -0.2936668908225062, 0.30859744038382714, -0.11739809300963136, 0.017426261759624764,B
0.0, 1.4477691055855078, -0.9874965820278483, 1.0219970752734502, -1.1035897377205983, 0.9751976792457744, -0.9825018874683766, 0.9573086013806877, -0.9320983424422529, 0.84196587089444, -0.7701225551642548, 0.7296862708327765, -0.5840382180895014, 0.4266779387329819, -0.489183361746021, 0.3803948507290143, -0.18184775508379486, 0.20342096283570105, -0.09234671931887567, 0.02861912362330653,S
0.0, 1.1221870465499675, -0.31500348953156376, 0.7366865069285164, -0.8967947750158687, 0.5093790932613693, -1.2753942613260694, 0.8481430018296373, -0.2283962360253471, 0.6129093700927382, -0.6370360240510549, 0.6418372624307523, -0.7147036068196512, 0.3197186837132085, -0.3563136131689262, 0.39472947018495014, -0.27828260799192284, 0.28101811876406124, -0.15180826880410977, 0.004099637806019527,B
0.0, 0.9907283549510864, -0.45251447319514576, 0.921149735497563, -1.185220970467076, 0.76632172893794, -1.3189436046526033, 1.2270458031574727, -0.6581717628274631, 0.6004593444533128, -0.7810137277393013, 0.6165879436808614, -0.40971401259774076, 0.24143137224346764, -0.22808166213908485, 0.06050952091046063, -0.06704469986232611, 0.15055809510465198, -0.007704807696557276, -0.058729841721077605,S
0.0, 2.231665299023762, -2.1300099193034963, 1.432474441856682, -1.1413440674796735, 1.22025899363266, -1.2603980303066105, 0.9874479992672547, -0.8211948739594883, 0.8320111168996558, -0.7536705547766821, 0.643750339289941, -0.5078859262951015, 0.34048405173027824, -0.33806849847779014, 0.37011660340584684, -0.31399042022108525, 0.23236776520703067, -0.14277948858250464, 0.06877381208123444,B
0.0, 1.9526991545124623, -1.418365697247167, 0.46108515107369114, -0.16163187060068648, 0.45119018105183023, -0.547635394583963, 0.18550316247368537, -0.07499092723936857, 0.2626387823627762, -0.3634660618215248, 0.2690367236057079, -0.1977984169204373, 0.23808862620193963, -0.2921602513331352, 0.2853151955491814, -0.3012316153271733, 0.3085642432582732, -0.21195783090015483, 0.09326596726450875,S
0.0, 1.5499229764533287, -1.232937958130039, 1.268172496074292, -1.214042849904169, 0.9746357345616908, -1.0002252819670963, 0.9640159325380004, -0.8996847783669707, 0.8706338918832293, -0.8159057400422742, 0.7976604100415778, -0.6710781243978665, 0.5172531104900671, -0.5951319435337951, 0.48459031945028724, -0.2994537742586737, 0.31306244021536483, -0.12271455267404499, 0.021164764626238144,B
0.0, 1.447906391526609, -0.990424996497149, 1.0246686580457007, -1.108817744563523, 0.9908123220927734, -1.0029285911294856, 0.9753547878563017, -0.9553580615902542, 0.8660818444778766, -0.7901658864795393, 0.7477525339035269, -0.5999315299845623, 0.4370703904684127, -0.4972391074345247, 0.38905051073879554, -0.18809286159037453, 0.2077120259903431, -0.09634102606159421, 0.031499211057562176,S
0.0, 1.1170460795530515, -0.30510065137802017, 0.7202410475799016, -0.8780454160322105, 0.4916145339068321, -1.2525521028374806, 0.8200447016057304, -0.20263925078796663, 0.5868687721917902, -0.6110682061910053, 0.617237207059242, -0.6931371765285174, 0.2999772337402241, -0.3393512274265556, 0.38394715148577957, -0.2689404628936034, 0.27120163117135715, -0.14805784485991158, 0.004310849816878503,B
0.0, 0.9824862841135288, -0.4389598428970846, 0.8975359235207663, -1.1489667391314033, 0.7218440571822647, -1.261895489229361, 1.1595135591789618, -0.5937929566374516, 0.5329343191902574, -0.7127506751624134, 0.553887753797604, -0.3519497564624634, 0.19339939066777223, -0.19191828594682966, 0.03198792881875067, -0.04494328808035586, 0.13413188473167265, 0.0012678220706175585, -0.06085813117580352,S
0.0, 2.2293085456605213, -2.119580879567842, 1.4138306622513093, -1.1182376109494563, 1.197905384511086, -1.2435572565316608, 0.9725275178895956, -0.8013801632169277, 0.8078676042437359, -0.7317048838004069, 0.6285620943485601, -0.4956224866070662, 0.32623212418964365, -0.32528143568411283, 0.3601392749518738, -0.2998075737605111, 0.21271417008055518, -0.1269927424295593, 0.06297543022540182,B
0.0, 1.9516177307346407, -1.4120475220577748, 0.4501118238846672, -0.1491768014942089, 0.4403729447474684, -0.5359959198113247, 0.16929566622486572, -0.05952773498377884, 0.25452648782198845, -0.3590484140284339, 0.260642731683329, -0.18811879656762895, 0.23384345369195542, -0.29084378193013133, 0.2826364757489683, -0.2971815652963273, 0.30475395474242817, -0.20937657127883322, 0.09160410576827906,S
0.0, 1.5481192247467799, -1.2269021819392538, 1.2629874863809287, -1.207553439410127, 0.9615915835958719, -0.9759888301389664, 0.9294557995156261, -0.8676461153804954, 0.8348276547791229, -0.7732849095414925, 0.7611423318183301, -0.6418151207740249, 0.4880174169062071, -0.5709739435181691, 0.4652550106610109, -0.284207458400017, 0.3047938980894191, -0.11826466712025721, 0.018963634103821292,B
0.0, 1.4526815307449727, -0.9791119978617494, 1.010709257486437, -1.092981440307851, 0.9710344954499691, -0.9776479156949415, 0.9450969479749477, -0.9213597763578176, 0.8367146565680207, -0.7617727790376111, 0.7194273297189677, -0.5734998545366349, 0.4112569767233932, -0.4726536313437509, 0.36489243681997846, -0.17480181791763114, 0.19459833233717636, -0.08913125896749388, 0.02602397702115426,S
0.0, 1.1127049501913076, -0.2970232595411226, 0.707128859756421, -0.8604333018878357, 0.4741544901266676, -1.233491053022288, 0.795800764396106, -0.1785931969972148, 0.5613021408304759, -0.5903286759014175, 0.6014772223594279, -0.6739489664602182, 0.28269903038152927, -0.3267010557761389, 0.3719135784574807, -0.262655280046219, 0.267021429942268, -0.1414914783523391, 7.495794053375649E-4,B
0.0, 0.9860749772112195, -0.4521549085112238, 0.910032031363347, -1.1700731498589978, 0.7562677144569867, -1.2977118674685393, 1.2034937164362178, -0.6465058703201461, 0.580156115023468, -0.760209852496894, 0.5984459059182267, -0.38856993419522207, 0.2248604912233743, -0.2150393120035765, 0.04806345986027658, -0.055983408182556454, 0.1397628906422249, -0.002597164225283061, -0.05849862497089901,S
0.0, 2.2271179721059036, -2.1121677427105996, 1.4054812990094643, -1.1109991280773035, 1.1894097276518087, -1.235848455310315, 0.9705522045210557, -0.8061468938749426, 0.8126896281478397, -0.7280165586053211, 0.6164319404279154, -0.4809409939357119, 0.3110828512714947, -0.31046279351320816, 0.35074820489119013, -0.29865227091348034, 0.21529908952122592, -0.12800850892804713, 0.06234841210653631,B
0.0, 1.946882559885416, -1.4016635769895656, 0.43741419950712285, -0.13356099966062532, 0.42467620951392665, -0.5275849520139659, 0.1687388694918464, -0.06256142880954757, 0.2563767294621094, -0.3577731479676015, 0.256930473667595, -0.18433550327365752, 0.2259487359437974, -0.2754839522071557, 0.26589371867114453, -0.28674093039203963, 0.3028884346249712, -0.21172616868247188, 0.09265958681159374,S
0.0, 1.5534625170189869, -1.2397262782993814, 1.2717674137312869, -1.2139764729790115, 0.9718882762661588, -0.9898556219080208, 0.9421637184909484, -0.8779707036489847, 0.8419120644374385, -0.7810633214362767, 0.7677161867637837, -0.644894777520798, 0.4901590700434428, -0.5738738400468162, 0.4691826562936866, -0.28804486044382765, 0.3082710624378459, -0.12310587431770706, 0.023447597727288272,B
0.0, 1.4497546187624057, -0.9781364504617258, 1.0153520577646813, -1.1041261383344683, 0.991788820160951, -1.00455125633247, 0.9736103657293768, -0.9527948316003957, 0.8657060486451785, -0.7886753081969208, 0.7451443302159446, -0.5997687610704979, 0.4344941477968111, -0.48925935868354237, 0.3787741556470496, -0.18408022504446028, 0.19923398177508697, -0.09410452420299303, 0.029852113739891523,S
0.0, 1.1051949060920065, -0.282938803556404, 0.68985826539321, -0.8410076054814014, 0.4536040597643959, -1.20880446467278, 0.7653899779609895, -0.15068503627094806, 0.5346324168405251, -0.5644335499412304, 0.5759351979623983, -0.6468551421912242, 0.25825059488927415, -0.3070448769607619, 0.3554914005655924, -0.24936327521890675, 0.2552702295047615, -0.13375714727479873, -0.0013446217501687748,B
0.0, 0.9760909246655585, -0.43287804521568446, 0.8881341081463995, -1.1392201802422215, 0.719758384217454, -1.2585332957037014, 1.1607473033228621, -0.6063861058421798, 0.5479572871133132, -0.7276819810143298, 0.5713837815087577, -0.3770511742431077, 0.2192050482091398, -0.21056900080085686, 0.053594805231138125, -0.060886103856024824, 0.1410698913916095, -0.008406505960457795, -0.054464362077391255,S
0.0, 2.2195989182000964, -2.096073092354934, 1.3951256934492795, -1.1079453747485728, 1.181370973669663, -1.2184929596028427, 0.9508724688240915, -0.7909875158587244, 0.8001337741315694, -0.7175180807768874, 0.6151271618432363, -0.4910319194287099, 0.323248114490115, -0.31476585322110406, 0.3462937581474439, -0.28889034394968477, 0.20506886938174332, -0.12232816710570589, 0.060908463429618,B
0.0, 1.9421077496512664, -1.4007652386680376, 0.44434009964299803, -0.1400847309916454, 0.4198268530747727, -0.5169824202259048, 0.16767025876922137, -0.06909250011333332, 0.26249152971992695, -0.3620928215179039, 0.2622560944794208, -0.1881335991835098, 0.22772003466960666, -0.27749064058548034, 0.27017182021072794, -0.29385482509456107, 0.30903886487717935, -0.21609827197156917, 0.09461152197242219,S