0.0, 1.6912263357348052, -1.6049023845455879, 1.751669070576686, -1.6524943971535426, 1.4284913213690202, -1.469816562693104, 1.416435528124427, -1.3247472270109246, 1.1855165987740623, -1.0316006659182473, 0.921392787546198, -0.7985639484314283, 0.6594071130147724, -0.6564806882011068, 0.4450436084852236, -0.2276191374412934, 0.20590693400168547, -0.07589563330241703, 0.026493770923960443,B
0.0, 1.5536559537544248, -1.3495871417644831, 1.516361050081116, -1.4362842910879756, 1.338899330617461, -1.377599124382791, 1.2205212778224703, -1.0977662788101161, 0.9869135434902719, -0.8937022756200222, 0.8623231898996871, -0.700930098758603, 0.5350097647011187, -0.5325092493163428, 0.3590197713812308, -0.21626135000056335, 0.19403858451731187, -0.07922907371418557, 0.04436298349903094,S
0.0, 0.9518828624471882, -0.2688720849707091, 0.6742735550574652, -0.722219792093937, 0.38822659310189217, -0.9076585381334237, 0.815092457055685, -0.39192137973730024, 0.3219807994752635, -0.30421872266549826, 0.5182337097273476, -0.482584792279452, 0.1574903770639654, -0.35725261246962403, 0.2394495205750788, -0.056383203265201964, 0.24704163991521222, -0.19468787759863085, 0.034842776504286785,B
0.0, 1.0038124426327661, -0.33028749392992507, 0.7378143954602178, -0.8783607758841397, 0.48545795236781425, -0.9231594771610111, 0.8194276586657878, -0.41470481649176294, 0.36592095049890433, -0.44306621846832045, 0.5700082714961708, -0.38460943623447075, 0.1498577358392911, -0.37008571707778676, 0.1926679848873804, -0.054338667039967876, 0.223519267484245, -0.1145162635104549, -0.026674829650017072,S
0.0, 2.3282531682839194, -2.177177514424686, 1.121084555132044, -0.42040493329652845, 0.18220517896111474, -0.18670921632877632, 0.3790314177444825, -0.6604851555702551, 0.725055637485671, -0.5173653060744008, 0.4129224650446501, -0.5272249616301723, 0.5509567196395384, -0.4843014970194407, 0.3245720489166781, -0.11131903829314693, -0.032031646925400135, 0.07943307274543479, -0.03174724507719374,B
0.0, 2.4814664942055282, -2.7289987122200863, 1.8135487395497667, -0.9585996311411472, 0.790875195418901, -1.0392825028065187, 1.2179925253290986, -1.2462147307629334, 1.063298799102304, -0.7884173514074581, 0.681214807448602, -0.708738475545321, 0.6358934614541107, -0.46490243137088216, 0.27978193894224374, -0.1844672815972426, 0.1350273444414642, -0.05323513197755048, 0.019825230883617123,S
0.0, 1.6890243979653612, -1.5982165624633233, 1.7485648439254562, -1.6672425202918737, 1.457160847838628, -1.5063110959891908, 1.453193525063463, -1.357434415255399, 1.2180562741986882, -1.0623649496592589, 0.9459649853036567, -0.8146865082453645, 0.667227575426309, -0.6590994226041273, 0.44846012392516726, -0.23000607310731908, 0.20715426983256457, -0.07667415358002769, 0.026551220662664084,B
0.0, 1.5678618084379907, -1.3679027899773695, 1.5247282573621168, -1.453726743926726, 1.3619837332170146, -1.4003320839782976, 1.2491653347291902, -1.1249406674884848, 1.0119704636257725, -0.9229508653743274, 0.8844954084832575, -0.7147759867046084, 0.5508873820799092, -0.5472436053203361, 0.3708530746156857, -0.22471403976755627, 0.19882912218635532, -0.08302838210961198, 0.04681398532378647,S
0.0, 0.9389801686727177, -0.2343298219935656, 0.633429728816619, -0.681337235853214, 0.3407931312625764, -0.8646076344919735, 0.7695733359872382, -0.3343946775227983, 0.2662448501665301, -0.2586160593046036, 0.4850586382136325, -0.45968956107154885, 0.13666710092797, -0.33655195617078837, 0.22374373385132054, -0.04441425297079453, 0.23950339392785494, -0.19410730786208133, 0.03466269192956467,B
0.0, 0.9957768047324276, -0.3106992326354348, 0.7116888287527279, -0.8514125263757744, 0.4531832552114333, -0.8886643045521037, 0.7869157267554747, -0.3822779010106766, 0.32845987277468264, -0.41036829083195836, 0.5440374709526968, -0.3563997139033986, 0.13007921883270798, -0.3576038237030128, 0.1774711458628206, -0.04444412078528765, 0.22001013187976476, -0.10881184053109223, -0.02856253282681236,S
0.0, 2.3239145633552885, -2.166460357156317, 1.1132061353369755, -0.41589401566269746, 0.16828115613996295, -0.16576489384333906, 0.36397384000649163, -0.6541018150484558, 0.7214989753636137, -0.5132823752786017, 0.4079371818951848, -0.5182817130657807, 0.5359124801036963, -0.4724409410863105, 0.3211224073446463, -0.10868924239050048, -0.03641560880176172, 0.0825498788996417, -0.03260030647233424,B
0.0, 2.424671066653975, -2.5797772310839417, 1.623015497753767, -0.790322328205652, 0.6636856575595188, -0.911480297116302, 1.058333050398003, -1.0736597477225502, 0.9169144487925325, -0.671494169831019, 0.56829262642489, -0.6000473696766921, 0.5515745349481489, -0.40249403902979414, 0.2268947692283265, -0.14337362875494644, 0.10489721588307242, -0.03746603143957682, 0.016595465947921818,S
0.0, 1.6693504472901635, -1.550367410587104, 1.6891432116263279, -1.6124852752437209, 1.4134484541346666, -1.4655211557121834, 1.4033336415063662, -1.3016590901294913, 1.1735018128914099, -1.0359897842667347, 0.9343346892393034, -0.8117870309338859, 0.6621568157364005, -0.6517465233085438, 0.4509461237421428, -0.24149567589573756, 0.22085965885481681, -0.09010916383408046, 0.032663270477522176,B
0.0, 1.5635937213186268, -1.3649334686064072, 1.5168229180179076, -1.4397914435794916, 1.345616236263131, -1.3749470753054607, 1.2231611971735938, -1.1033967533640878, 0.987449398355304, -0.8976360031677759, 0.8625052026505056, -0.6946140516658514, 0.5334227861695692, -0.5323772126806254, 0.3586918459976353, -0.21519695555898993, 0.19112371462772604, -0.08172119653400413, 0.0492961220787816,S
0.0, 0.9353834601548647, -0.23284094812607806, 0.6299591201449458, -0.6738128937959045, 0.3361557747859022, -0.8597987339501627, 0.7619498471405574, -0.3326504752859947, 0.26628661852959057, -0.2610330718994057, 0.4902133088717392, -0.4621901174451547, 0.13914486928283828, -0.3395505318846117, 0.22447612965465796, -0.04474311006710123, 0.23944946089416602, -0.19167673434914023, 0.03224712290566395,B
0.0, 0.9962302631274169, -0.31511228110811035, 0.7210786657240499, -0.8639023380505824, 0.460355858774129, -0.899882073699978, 0.7988763957384285, -0.38851862013721034, 0.33320685675900696, -0.4157167384327647, 0.5517918990128204, -0.3613655616612823, 0.13020147481793024, -0.36143470350133006, 0.18104974552724648, -0.04458936728179377, 0.2197478558555497, -0.10852635539890504, -0.028701546124194458,S
0.0, 2.316401962808771, -2.1570740155093593, 1.115037453036701, -0.42116988626421165, 0.16797838848657246, -0.16409682030349834, 0.3623639014435919, -0.6513755776094021, 0.7195664751693128, -0.5113087970472081, 0.40308753256510776, -0.5130532819062141, 0.5354619723047283, -0.4733549469294613, 0.314676045815613, -0.09749536880042563, -0.04609586748140947, 0.08843755572763558, -0.03415425908901248,B
0.0, 2.4271980990465, -2.591282873380851, 1.6467899139720108, -0.8189833965349798, 0.6885411581758101, -0.9369443636152309, 1.0961564882672419, -1.1231227648670226, 0.9633614637179058, -0.70823432161154, 0.6036582429701908, -0.6373880512268791, 0.5814019962323083, -0.4200050403658173, 0.2380062319814691, -0.15244744320134848, 0.11116682259420778, -0.039893271399213406, 0.017254156578944253,S
0.0, 1.6717964829710372, -1.556755859848495, 1.6961053589322674, -1.6185649437532412, 1.4170916099313986, -1.4688364012512733, 1.4091600415525378, -1.307296591882196, 1.1775202333969994, -1.03982491071997, 0.9369367300249589, -0.8149095333285584, 0.6648769693652407, -0.6532080909692225, 0.45193268701287104, -0.24089234013766694, 0.21976569603799895, -0.08816129787854736, 0.03145332203328841,B
0.0, 1.5445594443027828, -1.310286535121011, 1.4523126969885476, -1.381740879454803, 1.3026019208726993, -1.341877657538491, 1.1871828569793952, -1.059530709317033, 0.9558015646632901, -0.8750854749881397, 0.8339676088331424, -0.673306935923053, 0.5177517069605676, -0.5134358232411594, 0.3457726325636371, -0.21276547732420986, 0.18517091930727897, -0.07175274250564002, 0.042165880311928236,S
0.0, 0.9369564635043256, -0.23109035506983241, 0.6310686296174008, -0.6760614101046878, 0.33517288639703, -0.8629062960016277, 0.7623429057897892, -0.32589018469044834, 0.2582893702003051, -0.2522959737322644, 0.4842280227205117, -0.4561202137811146, 0.13194863645099927, -0.3354431047891381, 0.22212238844467097, -0.04104592683836514, 0.23813630980478626, -0.19238157516572085, 0.03260026648843058,B
0.0, 0.9920189804157702, -0.3047152763255327, 0.7059013286101268, -0.8550908044672554, 0.4474477121401872, -0.8836494185275676, 0.7831354904606987, -0.3728333400811986, 0.3171615370010886, -0.402072361967499, 0.5466480192941171, -0.35461680175955396, 0.11820694529670675, -0.3527278042640432, 0.17479256481960148, -0.0345124877056978, 0.21684133849939025, -0.10884746700013073, -0.030839909542038524,S
0.0, 2.310051491366148, -2.1599831425263556, 1.1402311042253173, -0.43758697327169926, 0.1522757147556778, -0.1380649815336809, 0.35252694761828957, -0.6491847933349922, 0.703314551830111, -0.4909974812183784, 0.404201209202631, -0.5249236947397898, 0.532106099018868, -0.4603297491017511, 0.31132846004218667, -0.10198324826308754, -0.043381549557572, 0.08658435496009313, -0.03295532139100773,B
0.0, 2.410638201147903, -2.5575430880429337, 1.619715131330877, -0.810401248588853, 0.6799264863440468, -0.9035431055912015, 1.0361536615173939, -1.0519506568457935, 0.9038447524398947, -0.6638732813454965, 0.5608258255033653, -0.595606566594813, 0.5519370875917708, -0.4043850800518324, 0.22578944289578506, -0.13465575867360052, 0.09030920492056199, -0.02838037600047366, 0.016090007886470165,S
0.0, 1.6778439547830246, -1.5683279764747342, 1.707486668339254, -1.640169602957219, 1.451256452389038, -1.5084453072132535, 1.447369788439202, -1.3349881762869142, 1.1972103529339961, -1.0599881661266575, 0.9570588435377091, -0.8278327195941367, 0.6686741616127321, -0.6523163743363296, 0.45067319072352086, -0.2434488714564119, 0.22548018503304995, -0.09247999466361376, 0.03347966627785468,B
0.0, 1.5377352092009486, -1.3053766803256222, 1.4513388484312444, -1.3675764104219008, 1.2747650147604659, -1.3094296600666915, 1.149871215135842, -1.0260568403024044, 0.9221109764998218, -0.8383126862391264, 0.8046053625234209, -0.6501310941623208, 0.4962019040236596, -0.49677815848024487, 0.331310234445232, -0.19848483750110132, 0.1796473149569972, -0.06956145569036155, 0.04067064810314881,S
0.0, 0.9378250522988839, -0.23129866810085162, 0.6334779317104064, -0.6845323528303473, 0.34095882424576807, -0.8724534828851834, 0.7770989518116915, -0.3384109035096477, 0.27516366249341173, -0.2767427337642107, 0.5036306184092251, -0.4695221953617925, 0.14944348141546396, -0.3492937521780685, 0.230097342467879, -0.04995330372932956, 0.24499861273813991, -0.19433209201478158, 0.03265518487204184,B
0.0, 0.9875447215287008, -0.30442549788095186, 0.7111502154832017, -0.8608232084316835, 0.45408497659972513, -0.8870763214809264, 0.7890142279147183, -0.38414035443850203, 0.33073810437697265, -0.41583626661076467, 0.5568582197383647, -0.3674930208313755, 0.13836281319139412, -0.3709246795545096, 0.1928665083272808, -0.04946632775629672, 0.22578139465846123, -0.11888990078869359, -0.02483404972289226,S
0.0, 2.3194031349886415, -2.184413702144505, 1.1637136571198654, -0.44778837824442164, 0.15494784208648124, -0.14091947368918756, 0.3625594252536659, -0.6686434563604011, 0.7274341298257679, -0.5125783735098279, 0.41681794882084083, -0.5302323739240793, 0.537175370506454, -0.46820550468141253, 0.3201767846044665, -0.10846028839643362, -0.03809266020433367, 0.0807176603270102, -0.03010263078280499,B
0.0, 2.393239886009439, -2.541134913731167, 1.6450930851986525, -0.8537937130853294, 0.6984550413534982, -0.9235378757757217, 1.1069532537983218, -1.1761280634937326, 1.0326416198595745, -0.7388078140914863, 0.5709948304905403, -0.5889779573841671, 0.5820481573277516, -0.4758365969943208, 0.2973504997394275, -0.17092838913960545, 0.09196544732523045, -0.020481785053450326, 0.014420994092687274,S
0.0, 1.684736665683524, -1.6124419468331155, 1.8042805818296452, -1.8015162018104431, 1.6210482100864367, -1.628794402347319, 1.4944274681002243, -1.3453474367453162, 1.2329148973711097, -1.1245836813416592, 1.0543763037228078, -0.9174367298733197, 0.6984503883186999, -0.6800455133691217, 0.47035157228359425, -0.24478094847537704, 0.22702904185878672, -0.07608249428634217, 0.019299651197506425,B
0.0, 1.7492781050115254, -1.595832220147646, 1.7402188921739548, -1.8050504645529115, 1.6492474702527322, -1.6906304882382779, 1.6262174948104609, -1.4790857232970862, 1.3828277803773037, -1.2465085615781535, 1.130392815882148, -0.9623268759679132, 0.7235498249341791, -0.6519952654676552, 0.45958561941866644, -0.23908665485291186, 0.23662123117739298, -0.12746040245569712, 0.03741971902401264,S
0.0, 0.9166808786529951, -0.07422577594087004, 0.5373259082414974, -0.6926588890227522, 0.12398089278732002, -0.6436602265747948, 0.6776281139762619, -0.04740234233518724, 0.01687985067255623, -0.36092258865500926, 0.42184395352143816, -0.21066352890751228, 0.15258021540696165, -0.33157765989342863, 0.15184343649484328, -0.13169759262732894, 0.274227051352489, -0.11587206634845379, -0.009103801575424947,B
0.0, 1.060831294591315, -0.3069265127361426, 0.6047805726127676, -0.8587847909969312, 0.33991237165976823, -0.6924628549777482, 0.7545169691767264, -0.12694363891862642, -0.07780143555123846, -0.27331460836036825, 0.37675190922898233, -0.17077765360347627, 0.12930218067301116, -0.27898222262487926, 0.12803830149095924, -0.10881780448647256, 0.2566312433391086, -0.1495362486074103, 0.015084949996930335,S
0.0, 2.3783629484262963, -2.1824840037652726, 0.9369113434632561, -0.17285308034650945, 0.15662131247972289, -0.45157002004839714, 0.6463294975692014, -0.6964824787495191, 0.5874074408406339, -0.400700125959928, 0.4271880372905426, -0.553700485725963, 0.44313989107488233, -0.31239055604037885, 0.27477046002591377, -0.19544947726174117, 0.08064257255909424, 0.012341149007422047, -0.0193522891892457,B
0.0, 2.493009663297144, -2.750426582199178, 1.8032671802757627, -0.8808531640691437, 0.7427253460331537, -1.0729326538980146, 1.1818171510371596, -1.0354046860977084, 0.8411302196858502, -0.6372709884767338, 0.49443248230059944, -0.49341187683705184, 0.5042500192701407, -0.3986392123084555, 0.2297230455512658, -0.18750759240784198, 0.2141632986130581, -0.13796636957055086, 0.04345858191632244,S
0.0, 1.6761134254588683, -1.5926797877276555, 1.7817851031357836, -1.7842467873204757, 1.61044151027061, -1.6298123863512477, 1.5030864697056279, -1.3559626158785258, 1.2447726921066042, -1.1330497559971373, 1.0547098067956682, -0.9080224448409483, 0.6826642638706601, -0.6596317901751395, 0.45089938058315665, -0.2301249533377117, 0.2165586896078851, -0.06802508091182448, 0.015777243520650467,B
0.0, 1.7345418791280653, -1.5740135291679107, 1.7192611847229358, -1.797501192042946, 1.6682821041358151, -1.7219972329319526, 1.6566354811457926, -1.5093516379825653, 1.4112879684542732, -1.277362378752388, 1.1609687598791543, -0.9902207471343402, 0.7509465690867718, -0.6705227318937447, 0.4714524645476813, -0.25232093617051765, 0.23530802574058846, -0.11651934885954221, 0.03243009731374126,S
0.0, 0.9064686808264414, -0.055400841113719804, 0.5205616700141024, -0.6744446703930302, 0.10876237425909459, -0.6344296046698967, 0.6591823598358539, -0.0349393791844299, 0.013180995998503718, -0.3468498475040503, 0.4064741695580642, -0.20175653409277325, 0.13684672107786866, -0.31349312907339727, 0.13765447480803755, -0.11843160383873848, 0.2611349468358772, -0.10678401712493267, -0.012999791652370462,B
0.0, 1.0338877035921978, -0.2758826495638102, 0.5348155437538634, -0.7695289326467469, 0.3077038550552811, -0.6347478571058999, 0.6624385491858824, -0.09962446411032722, -0.08867503040110772, -0.2171807522762524, 0.32837252507246184, -0.14799043749049098, 0.096348744191368, -0.23497505347734413, 0.10545160957178727, -0.09223350274469022, 0.22506121914836894, -0.12424790293488852, 0.01011273466349998,S
0.0, 2.373466953303612, -2.1688763563223192, 0.9178590879990755, -0.1515647866607575, 0.13221926138977746, -0.4278168144241105, 0.62904366689664, -0.6850760136984986, 0.5774836724998927, -0.39183885914966343, 0.42317726466032046, -0.552689002533231, 0.4388851960593483, -0.3060025906527314, 0.27096464195386466, -0.19316231090309038, 0.07883523049076893, 0.011984784716209501, -0.018468579666154505,B
0.0, 2.4301541480978774, -2.5980905678115103, 1.6297237210616118, -0.7453860343658392, 0.6616227196374118, -0.9997042522121846, 1.0790184767687125, -0.9227805657398103, 0.7501608055458068, -0.5692130586348206, 0.4297223282948237, -0.43186966306029284, 0.46082150709503467, -0.3708251922516746, 0.20521011072531808, -0.1623243010047777, 0.18901842206718275, -0.12370780724937414, 0.0414107783730653,S
0.0, 1.6816851540404125, -1.6046286370862912, 1.7941943982321487, -1.795782703358359, 1.618436183606146, -1.6388459971391083, 1.5138928619372491, -1.3655437630667988, 1.2533695952271273, -1.1406880544266003, 1.0630198687380734, -0.9155764483565442, 0.6874207231328708, -0.6651243971827442, 0.45478604708441517, -0.23104471117749892, 0.21802252203831915, -0.0693397773431802, 0.016924916523216187,B
0.0, 1.705523999828366, -1.5018528185399125, 1.632082043161014, -1.7101076242781639, 1.6077581590690788, -1.6707183595023163, 1.5951314798112177, -1.4491159527692286, 1.359561042442094, -1.2325514190544653, 1.1119213046948162, -0.9546915094799137, 0.7332611169693795, -0.6453842933465928, 0.44930271525629856, -0.24620234585569123, 0.23266500763715683, -0.1114940272968894, 0.02742641038045512,S
0.0, 0.9094806172342726, -0.06114169894747387, 0.5178453387213735, -0.6738014273734773, 0.12048775624205572, -0.6406451375249035, 0.6600281127348279, -0.04304866542613185, 0.018961508397847097, -0.35279885705272723, 0.4126715231535405, -0.2040551244285755, 0.14227648845443713, -0.31329011124363315, 0.13548691842536056, -0.12123246853801825, 0.25881683116510334, -0.10305616129926626, -0.013937377626506962,B
0.0, 1.046727522528382, -0.29018029800241024, 0.5506232633636299, -0.791415855374016, 0.33167574678238426, -0.656850217732455, 0.6895306471173859, -0.12454009865606389, -0.06784641726755467, -0.2390808889308003, 0.3525664004752665, -0.16438222076358233, 0.10256163896572232, -0.24587886593828548, 0.11075524384758667, -0.09404926598814459, 0.23194931155167037, -0.12521445369507522, 0.005674677578588577,S
0.0, 2.370402281505925, -2.166868587234066, 0.920685125466567, -0.15282995879857914, 0.12660812605297098, -0.4194156379451311, 0.6256354680327375, -0.684579289709138, 0.5708005927074968, -0.38183802447387377, 0.4184444609046007, -0.5521249095208189, 0.43651738276341456, -0.30067238372908545, 0.26834866059002105, -0.19151183266169625, 0.07611934058092712, 0.01094923511625251, -0.01665310898829627,B
0.0, 2.426674739013584, -2.59914485224878, 1.6427938434364164, -0.7580132623698546, 0.6607442394460687, -0.9961789153196509, 1.0943571348342866, -0.9526566104238067, 0.7722686902074649, -0.5808769725044122, 0.44641879640884774, -0.46144213340779233, 0.4892653190024537, -0.3854335920807505, 0.21379244972058137, -0.1725451450761646, 0.19655868872268248, -0.12506575696201688, 0.04045721080178716,S
0.0, 1.6733057361303976, -1.583004070544322, 1.7605327625508294, -1.7628849450163975, 1.5857373561416888, -1.5979599477937843, 1.4644961527172784, -1.3164231397275243, 1.2066093533268611, -1.1006727725433476, 1.0306512733101203, -0.8903073984091786, 0.676181635238651, -0.6601518778236078, 0.4538694546495499, -0.23370234705720883, 0.21881148080012044, -0.06683106009928938, 0.01414497753750252,B
0.0, 1.6975443015825755, -1.4813451860911535, 1.6005564134360386, -1.671715632387971, 1.557603937757536, -1.6152623275567455, 1.5461816245815203, -1.3923536224869166, 1.300333310532422, -1.1830516002875473, 1.0616073280236773, -0.9026494018020249, 0.6870877021376399, -0.6087958096251974, 0.4167321230005836, -0.21591458941622071, 0.20893064532334518, -0.09796059846891417, 0.02429297164454634,S
0.0, 0.9124069580593868, -0.061461871015249504, 0.5205068662112485, -0.6807948671731916, 0.12321792752878938, -0.6493411367542147, 0.6693815767235036, -0.04629660956579614, 0.020233536477924537, -0.3556458197282362, 0.4159674144695019, -0.20564125319728677, 0.14268808345944856, -0.3138228371691952, 0.13351654825627685, -0.11888931770570745, 0.2581029997218922, -0.10247855912287941, -0.015451061657143543,B
0.0, 1.0344365982924792, -0.2761591662913634, 0.5414459978517693, -0.7813426155238928, 0.3259955396793537, -0.6521838982453322, 0.6781964448886727, -0.11745701928931657, -0.07431622515374721, -0.23121747316803531, 0.34236433771452146, -0.15417526906761833, 0.09672590346226828, -0.23727833407351728, 0.10155376117135699, -0.08935636668352251, 0.22547854331538475, -0.11810648798526002, 0.0027981150374718966,S
0.0, 2.377956865015433, -2.187838866158172, 0.9475055477360602, -0.17030464781459362, 0.12306110183471301, -0.40982347246335754, 0.6308046298224704, -0.6999160755672515, 0.5775055361493845, -0.37959527410036453, 0.4273780782633008, -0.5719981498569066, 0.44615576979441995, -0.29870325733357256, 0.2684025805029951, -0.1957729524132782, 0.0809512195962541, 0.008002212979647066, -0.016078179327674646,B
0.0, 2.4098250994184136, -2.548372953277698, 1.5796185286926672, -0.7250819471753515, 0.6649108147184801, -1.003712906427887, 1.0820535156198916, -0.9316020475567316, 0.7604035769202623, -0.5755460111154505, 0.4350669263558574, -0.4449014674154932, 0.4793858939854624, -0.3866529957113589, 0.21914202549047695, -0.169451559345495, 0.18246651472277212, -0.11588339995887273, 0.03921784603919814,S
0.0, 1.676224914538026, -1.5897552610730095, 1.766389958377575, -1.7672066948596012, 1.5855841922649287, -1.5973634724069266, 1.4653936054871424, -1.3153388695790456, 1.2035680768077637, -1.0974633665453986, 1.0292964699685305, -0.8895219174643478, 0.6748751830939657, -0.6612855019809423, 0.45420188779381515, -0.23126969310883524, 0.2179286815965622, -0.06708513157391623, 0.014605172085299082,B
0.0, 1.6955842232560032, -1.4793951148685518, 1.60328471626652, -1.6753021976574374, 1.5586789040567037, -1.6148479368842665, 1.5455737720885279, -1.3950769079616794, 1.3047671389649, -1.1859312396592945, 1.066238816528026, -0.9082530440292803, 0.6891800142820295, -0.6086735072196175, 0.41684647780403505, -0.2165947305489633, 0.2089740562627428, -0.09555182295743189, 0.02200724867655424,S
0.0, 0.9095030879453654, -0.057580183630720295, 0.5200019668599256, -0.6757907051216285, 0.1173595944103506, -0.6538776202156653, 0.660377728814557, -0.03765997502658082, 0.02702320003845128, -0.34954157131459995, 0.40381959598689987, -0.20483920235212455, 0.13494511661818911, -0.30520939925342905, 0.13308363267253365, -0.11647472980711016, 0.25282816010529874, -0.0962918047249565, -0.019728261506364572,B
0.0, 1.0382019029231975, -0.2822291302565233, 0.5385863756381686, -0.7725667489767566, 0.3210820731492738, -0.6539700894735744, 0.6694959808319351, -0.11287981145601785, -0.07348528425151096, -0.2275796076808726, 0.3358958171990399, -0.15360619158474165, 0.10298781556326482, -0.23942484877766101, 0.10026400609884041, -0.09618948182802427, 0.22709263345094646, -0.11290558307155757, 0.002104205889248197,S
0.0, 2.3840694259332396, -2.2006060013239894, 0.9549739816764126, -0.16749067079724667, 0.11440729784713714, -0.4056503843159139, 0.6347396897309926, -0.7025883770062761, 0.5713697293757743, -0.3706065546497224, 0.4239814561858949, -0.5725768417783668, 0.44594818275868775, -0.29730010852186806, 0.2676423226904099, -0.19313317067964283, 0.07585590004339987, 0.010959494118027683, -0.016467716053030785,B
0.0, 2.377233953866125, -2.4638287957820495, 1.4965304183008794, -0.7032704475025302, 0.6934252372646352, -1.02151908505851, 1.0662004568784487, -0.9264998243267147, 0.8008141821977635, -0.6368806769414632, 0.4729584006674891, -0.44426791667770116, 0.46648011798424677, -0.3953770678871804, 0.2444395278795669, -0.18516939528810675, 0.17991889338928058, -0.10616936625912028, 0.035456917026481995,S
0.0, 1.7105958991951127, -1.581144793784775, 1.7288231939622205, -1.7139047266869405, 1.523423168123621, -1.4866939688874587, 1.3971650670508085, -1.2795271187588917, 1.2118822612464584, -1.1504612492245445, 1.071609599929283, -0.9427164657333597, 0.7249744860265451, -0.654035929046744, 0.48111946749982243, -0.29405543080879215, 0.2756277622506729, -0.14474654526477343, 0.046993057346902886,B
0.0, 1.7497008628358983, -1.6456885391423448, 1.7711707490898647, -1.7704980855205563, 1.565196685164995, -1.4950904432301784, 1.3776003203446336, -1.2480022433102913, 1.0923731866259025, -1.0159409394704317, 0.9701463384692492, -0.7751051894218745, 0.5685364245254854, -0.5602900301280904, 0.35696519831130064, -0.15561611672584555, 0.19251852172626327, -0.09027607505689424, 0.028434208849966905,S
0.0, 0.856705689659288, -0.012328154390699555, 0.443515204496404, -0.5727784369304006, -0.02057210399745673, -0.50256585750457, 0.55784517105328, 0.0131249500308067, -0.023464003275884857, -0.2532155463775652, 0.2885657586131138, -0.15327977689260963, 0.10185276434276107, -0.25314581065821357, 0.11663346985319428, -0.07113653534713842, 0.23102985684658417, -0.14463399212869787, 0.01559819446837539,B
0.0, 1.0266029710650635, -0.2558793616243207, 0.5258584344211713, -0.7093115757011741, 0.1965121234671016, -0.5429049794668107, 0.6501974387238487, -0.21624908862277875, 0.026312988519654745, -0.2498472930248434, 0.4373415171107118, -0.2922701743056645, 0.13786432263365625, -0.37004041082867656, 0.22340970496135976, -0.06676475439433216, 0.2261909760156024, -0.15711775335424474, 0.011094814780497793,S
0.0, 2.317512910843393, -1.9573301176370208, 0.6160219137807034, 0.09267462898108716, -0.029555812005570656, -0.3456904353075949, 0.5646078411564442, -0.5955479581836458, 0.5611227612757415, -0.4301992893335413, 0.4410001256841016, -0.6042665896141006, 0.48169883025152616, -0.2513386533217818, 0.22148839991951236, -0.21250396695075005, 0.10223272223491725, 0.007747394658287363, -0.019841703542696165,B
0.0, 2.593947592905393, -2.989962162010179, 2.1896194161096565, -1.3148185638451506, 0.7996006525607543, -0.6640934806212454, 0.8563172972220507, -1.1183944559146057, 1.0441274220803527, -0.6974556960928515, 0.4953250430973911, -0.4948923568567826, 0.48372824606668546, -0.41173257856409384, 0.2313961623766265, -0.01190255175410335, -0.09410300437220452, 0.07793737538253756, -0.01574833157528852,S
0.0, 1.6856658610284314, -1.5289769698396898, 1.6763846062332235, -1.67995194558794, 1.5110888108605132, -1.4788626920140715, 1.3958585486391748, -1.2814017543039828, 1.1995095329439385, -1.13440459532776, 1.0584675089839783, -0.9326206120942812, 0.7283094270923912, -0.6613130371104297, 0.49090723555417926, -0.30486185208220373, 0.27946190269847265, -0.14198883183760183, 0.04364564507434967,B
0.0, 1.7139291229747835, -1.5548896915885129, 1.6534453106823634, -1.6628732399660229, 1.4971760457772025, -1.4305818586447332, 1.303237708720004, -1.1795659838076025, 1.0372560147264684, -0.9645228408164924, 0.9105110110601926, -0.7268635631440298, 0.5410668398022921, -0.5302146784507628, 0.3315753695070686, -0.14347985261010324, 0.18050669339310288, -0.08505389150989406, 0.026656209788284837,S
0.0, 0.8444435679087721, 0.006261508918863854, 0.42490240773760285, -0.5518606473015477, -0.03851384419522129, -0.48972204622190574, 0.5369367692699138, 0.0371003526944434, -0.046187928976085216, -0.2379874165598897, 0.27016916452398515, -0.13284761625750488, 0.0885652149603356, -0.2365064039310042, 0.09842449872445358, -0.062126753172519755, 0.2217523156871701, -0.13337268733414376, 0.011554335085069702,B
0.0, 1.0099024068539135, -0.22738437012235463, 0.4946468298318601, -0.6746041064250582, 0.16072161504017338, -0.5080244241670803, 0.6075915883196751, -0.17149182899871637, -0.022355655584383398, -0.20396965196014655, 0.39473033155231735, -0.24668020877694405, 0.09563718059504964, -0.3338116017134893, 0.18914862260609286, -0.04345556965944093, 0.212339365796497, -0.14545285936501323, 0.005373096760016625,S
0.0, 2.316658825344527, -1.9488074724672264, 0.5986629959506593, 0.11290028271852683, -0.053160899236515076, -0.32543000235629577, 0.559108481792814, -0.6005501303689651, 0.5645360458998114, -0.4269276644977882, 0.43513337799472396, -0.5920705968469657, 0.45536271891566915, -0.2214606174991001, 0.2045576986635554, -0.21148564978723872, 0.10625990435074568, 0.006692041699530638, -0.020189737154110193,B
0.0, 2.5420681828194427, -2.836466030405771, 1.9752788702009962, -1.1093110666127508, 0.6412544113994879, -0.5226309578026311, 0.683082389692619, -0.9243220580940834, 0.8679942241001047, -0.5433350956972428, 0.34139171243686434, -0.3473346484695889, 0.36779723595980635, -0.32130982507657463, 0.15518180556783734, 0.037850229487478286, -0.1197813881900651, 0.09068366617591862, -0.019301634168447553,S
0.0, 1.6903211277230916, -1.5405679867350095, 1.6900209086243003, -1.6935021935495567, 1.5207060836544153, -1.4887409421095386, 1.408684572285274, -1.2939598493847975, 1.2103556544336158, -1.1453088686806352, 1.070018337393417, -0.9409518283076834, 0.7332215601073888, -0.6676380765082875, 0.49796503403328396, -0.30848777700162, 0.2820624331365116, -0.14293940850748402, 0.043246973530682076,B
0.0, 1.7142287142701493, -1.5552779872537237, 1.6515651622963663, -1.6578150307642323, 1.4855279705470745, -1.4132674263590719, 1.288055186603247, -1.1625510716932022, 1.0169904240267669, -0.9458591420536219, 0.8890409526183771, -0.7091609592183866, 0.524997681699304, -0.5149011304988635, 0.3201099888462377, -0.13309103270152467, 0.17731865244363945, -0.08468484404894124, 0.025724761868208924,S
0.0, 0.8470673599348233, 0.0074349911207122945, 0.41801836536047005, -0.5477738973114471, -0.03902576343294765, -0.49354473629226725, 0.536201555233163, 0.035381520500252665, -0.031105760993745516, -0.24146927893186537, 0.2701406985186995, -0.13697431513095323, 0.09148320541072676, -0.23964902573414568, 0.09927840119782079, -0.06284673739049919, 0.2223002269603069, -0.13018693426766778, 0.007692207029625545,B
0.0, 1.0093572272704816, -0.23032958985704943, 0.4962288512337082, -0.6791546703562125, 0.17004455212251068, -0.5184277605330398, 0.6069468599703518, -0.17188520355594422, -0.01840726359434564, -0.20532811036546986, 0.3846525499307898, -0.23991426549690648, 0.09620086784336375, -0.32963775562712366, 0.18899744481412695, -0.047607474384857296, 0.20814986980588018, -0.14133765959757838, 0.005470371396429353,S
0.0, 2.3258947568116364, -1.9700307002700745, 0.6170375697004593, 0.10864207831024499, -0.05792455704763335, -0.32799459147989735, 0.5700542914837184, -0.607603546547, 0.5638342058667136, -0.4292517984311139, 0.44454504280925694, -0.5976469176750053, 0.4507530802641752, -0.2169128607990077, 0.20822544124420062, -0.21416796313416425, 0.10352125635437776, 0.009002269977890297, -0.020232616696549376,B
0.0, 2.545595559954017, -2.864683664432819, 2.027135359000342, -1.1467644441903144, 0.6516272653055736, -0.5316314366869193, 0.7115310524260476, -0.962266553730675, 0.8972088078244419, -0.5608364772009936, 0.36096157134067514, -0.3755712397499407, 0.3882655692837616, -0.32537124567229375, 0.155640865419462, 0.03273433867173089, -0.11748176674712968, 0.0933047186049002, -0.02074092971666235,S
0.0, 1.6870262707664156, -1.5311851485079062, 1.673534382041681, -1.676316550522119, 1.5083963463528616, -1.4827985028277937, 1.4109574241076173, -1.3003647792455757, 1.2123755345161766, -1.1425243753138046, 1.0620559456153416, -0.9246762605181486, 0.7126362152334889, -0.646347236914925, 0.47641071787318495, -0.2908020984020714, 0.2714057438859863, -0.1353491334433115, 0.03990932794912015,B
0.0, 1.724477996196903, -1.5802460799770477, 1.6834024551396045, -1.6911050315959488, 1.510199274825743, -1.4358415020658142, 1.312334711313801, -1.1837320836897964, 1.0400719314074465, -0.9683793176427316, 0.9105787643799994, -0.7222326316492189, 0.5289373343598279, -0.5192737149382426, 0.31870493127643523, -0.12474761260740405, 0.1676741257765898, -0.07727675926103274, 0.024338175620416992,S
0.0, 0.8496815101719165, -0.0018288535204245542, 0.4208656718708153, -0.5537904629256012, -0.033036284188158516, -0.48366860559273417, 0.5427639759233047, 0.017696576007252995, -0.03458836101729254, -0.24464975917838602, 0.27356830117547043, -0.12939999852986883, 0.09574251426143257, -0.24836674555048102, 0.09949766401337413, -0.06041889775874836, 0.22167870027873066, -0.1310174260100556, 0.0084698044291442,B
0.0, 1.0108921768570598, -0.23096596165931757, 0.49281803413975456, -0.6825994193177101, 0.18560544654770939, -0.5314253414587962, 0.6169847736454492, -0.18053944216862158, -0.006323036866483616, -0.21628565427049076, 0.3895339398023939, -0.24204117233183234, 0.09769895264061214, -0.32629339449545036, 0.18765668895239931, -0.052452021967339904, 0.20858800867946467, -0.14195705483758955, 0.00662498866059656,S
0.0, 2.3307337566426916, -1.9839298965521004, 0.6340328448301066, 0.0927913892358323, -0.04068645586161646, -0.35261520542296176, 0.6000737837279291, -0.6236961393323931, 0.5592228110515067, -0.422355263688337, 0.45162190354273235, -0.6189539784307113, 0.4769210058880166, -0.24263749842113363, 0.23404625136659554, -0.2328069051126051, 0.10677497235295082, 0.012384943403701, -0.021511691467782038,B
0.0, 2.546239715804328, -2.8710660249071283, 2.0402082885052075, -1.1669628307390334, 0.6943804174153493, -0.5930348504279783, 0.7564118525298423, -0.97834617610158, 0.9002975539538107, -0.5709493059960973, 0.39087060666148743, -0.4133953169101812, 0.4144164268702177, -0.3448123653934874, 0.18495825524924908, -0.004342478876389479, -0.08809857502723314, 0.07932878785492976, -0.017264861603266197,S
0.0, 1.6898918962038365, -1.534228279821003, 1.667817020535107, -1.6630287954648189, 1.4893225222298785, -1.4636337374737802, 1.3934456763968854, -1.2755742404969541, 1.1808919712094572, -1.1062208165083327, 1.0280997762067405, -0.8962209961521586, 0.6858114477449023, -0.6235848036636602, 0.4552289610796347, -0.2734863018012639, 0.26127625265711396, -0.12960666558652836, 0.039259076713388186,B
0.0, 1.7218356094736516, -1.5741824566521596, 1.6766216748971796, -1.6840915058844521, 1.5024784882148294, -1.4264340286990096, 1.2997888000306204, -1.1696890769978006, 1.026960729365607, -0.954847372822614, 0.8979351312321753, -0.7107849278244783, 0.5167033203325777, -0.5095740237444246, 0.31176968534308197, -0.11904335949336332, 0.16226274733308907, -0.07178320268702724, 0.021973755386575887,S
0.0, 0.8443888643802172, -5.223074212603283E-4, 0.4201596585354522, -0.5547392450361641, -0.02633012451329328, -0.4915318223359639, 0.5439686578730714, 0.021751629401715475, -0.039667219551341455, -0.24586245286862327, 0.2731407673096145, -0.1285341223101194, 0.09253709214903372, -0.24045868034631288, 0.09473577962503527, -0.059383951942522155, 0.21979511219332748, -0.12533394663611963, 0.005210777882945259,B
0.0, 1.0141856214154392, -0.22773693238330023, 0.48989298443801665, -0.6753869243256915, 0.17993353254867583, -0.5275383959807537, 0.6166463449141504, -0.17503201010037633, -0.014193114655432682, -0.2084520746297818, 0.38903696903393886, -0.24257528910731216, 0.09720946260478722, -0.32561764796981213, 0.18395576610957906, -0.05151018806334697, 0.21052676511756155, -0.14155091585391563, 0.0031427435396821786,S
0.0, 2.3403639057274974, -2.0019355238774397, 0.6449043466386428, 0.08787426585399848, -0.037014297517154376, -0.3606162156777249, 0.6137037603206106, -0.635761580971259, 0.5654639671544984, -0.4255050348480527, 0.45681780646898584, -0.6261992505033546, 0.48440937329773914, -0.2511508424376824, 0.24235127383821284, -0.2357927447508098, 0.10534498608645354, 0.014688654586121256, -0.022764378992978625,B
0.0, 2.5285572651868353, -2.809354801408868, 1.9708247758340907, -1.1616382188978212, 0.7458490206617737, -0.6384384365888623, 0.7603494621210767, -0.9544629562985902, 0.891553404135121, -0.5950797199196879, 0.4214718757318753, -0.4282251174797531, 0.4236782772068849, -0.3665370754370178, 0.2257217643055174, -0.05578691612150123, -0.04386965855307648, 0.05633450996555109, -0.012576088355380167,S
0.0, 1.6630231480614912, -1.4868440687684412, 1.573225720392867, -1.5028039979494114, 1.3470372871447907, -1.3477949992082878, 1.314519941494529, -1.2272081267805204, 1.1266336476858578, -1.078220223633791, 1.0280589210330817, -0.8952167177442732, 0.6917226252967467, -0.647576259002323, 0.4626491644692585, -0.2625262313920633, 0.22612937832711102, -0.07713730933016266, 0.02609834939907826,B
0.0, 1.7556274392820463, -1.656884406231911, 1.8182471213353872, -1.7993010693035645, 1.5914709169335606, -1.6230105666064578, 1.5230012485512665, -1.3928481235300467, 1.306554988993432, -1.2143795776934694, 1.165449992407766, -1.042338934148603, 0.8174724534742085, -0.7729644492013501, 0.5656333696019346, -0.31176906254309456, 0.2876764032859104, -0.13756572347120838, 0.03095039376111019,S
0.0, 0.8778775600720836, -0.0065491973373662865, 0.42632823414483156, -0.6225728420601012, 0.05757842716133151, -0.5171995175298295, 0.5656243710688744, -0.007781181208552814, -0.05241205805803181, -0.26438300524810493, 0.386089069424937, -0.19362882941071496, 0.06464753998320859, -0.2704469435038135, 0.11563758588259784, -0.06703238029857943, 0.22490802299093693, -0.12951891229976817, 0.009285212117572321,B
0.0, 0.9825509520738852, -0.23479300817043897, 0.5799541246531287, -0.7975608148197257, 0.28192073836840237, -0.6684064263841949, 0.7389814975857915, -0.2946881429216979, 0.15064892025694016, -0.3134647394166557, 0.44930996308933185, -0.3536491618701312, 0.154482984611543, -0.33638433118585415, 0.23357521712273563, -0.06492998921300885, 0.19792989097312458, -0.15802318204585963, 0.030578425694028924,S
0.0, 2.4164813005089387, -2.18205959831643, 0.7968982852010925, 0.04041392035814943, -0.06882432664477742, -0.26368417850165127, 0.5304488867144661, -0.635700155846126, 0.6192922132347753, -0.4267539702881082, 0.3416306504684366, -0.5193627101591977, 0.5368029043251347, -0.36846818816812843, 0.26171132450099327, -0.18253085720450965, 0.06120207203733454, 0.034091532967575125, -0.02769325986890513,B
0.0, 2.6361456858510044, -3.107261660090408, 2.304483792551767, -1.376408849471898, 0.9088237688154283, -0.8839987788555871, 1.0023918962675422, -1.069631581486792, 0.9088782231599849, -0.6059211411193778, 0.45073139156451736, -0.44246436200888994, 0.404859407575952, -0.32409797431696075, 0.2138866594278259, -0.12734851423303678, 0.059971576555082395, 0.0034988835838144316, -0.0014108049654521719,S
0.0, 1.6548344121844214, -1.4595974212368674, 1.535341715683432, -1.476030351487661, 1.3315377428352182, -1.3345545992602679, 1.2983778239053347, -1.2080219069080267, 1.1074188249605028, -1.0601193230936343, 1.0078470868646503, -0.8693533402418827, 0.6665834498324348, -0.6235473939807317, 0.44711701974779855, -0.25562489957309303, 0.22626516259577248, -0.082161334496776, 0.027644183800365527,B
0.0, 1.7124873034170187, -1.5530645925811828, 1.698636681828666, -1.6813020197231698, 1.5049213056731983, -1.5498293789949198, 1.4258027508069928, -1.293518250141373, 1.2247252674304112, -1.136210922812267, 1.0757720479234039, -0.9609801958280811, 0.7531380127593388, -0.7044744201554123, 0.5127217705064983, -0.2792053404782298, 0.25772252589070416, -0.11527512771639131, 0.021401340059733084,S
0.0, 0.8629863941720384, 0.017915447836255455, 0.4027031756513231, -0.5978930864604454, 0.03941404070922845, -0.5064203897858583, 0.5456525030170628, 0.009413676711437507, -0.058724398840492624, -0.25289102325445884, 0.3681569710077132, -0.17797458405992297, 0.046169788547638965, -0.24839844736929667, 0.09992379556076236, -0.05750860885044462, 0.21479739113817042, -0.11899160746008873, 0.003016306351200831,B
0.0, 0.9643366669683582, -0.20234564109388992, 0.5476665898797589, -0.7620424385972345, 0.24420314939893342, -0.6318214335680638, 0.6925033963874446, -0.24770124561770593, 0.10708621919024428, -0.26166575869191466, 0.4043011038884575, -0.3175539384707556, 0.11135021873454964, -0.3024284111469229, 0.20679988151863327, -0.04250861450609864, 0.18435739583472696, -0.1512838914976142, 0.02739913148537993,S
0.0, 2.408141220531432, -2.162931583796198, 0.7732436291144299, 0.07308758337822834, -0.11324501025239984, -0.22163758378457585, 0.5024699183571694, -0.6137928015608592, 0.5885040275902148, -0.3893997186551343, 0.3148187433328625, -0.5036773444645734, 0.5176269284731266, -0.344284372709615, 0.24060385020444153, -0.16372781503715025, 0.04172117380601487, 0.04760822684511141, -0.03163576726347966,B
0.0, 2.563338610093559, -2.9179767980899354, 2.0542221503673366, -1.140137581203426, 0.7276220920803552, -0.7179967342520464, 0.8117242182632196, -0.8710772728595262, 0.736540210788096, -0.46105065740457735, 0.31124541831321517, -0.31760258664760066, 0.3172672787370335, -0.2592964751318729, 0.1590967101914128, -0.09244365280075237, 0.04357532378309344, 0.006195393104268242, 7.204088442925471E-4,S
0.0, 1.659387728437438, -1.4705726492927915, 1.546976747452026, -1.4858436908153563, 1.338392994269414, -1.3422557408125944, 1.307735922077612, -1.2168370165036357, 1.1159319971671013, -1.0677620944476478, 1.0168611831962027, -0.8767703730670044, 0.6703882731226023, -0.6304198956513738, 0.45355857866542326, -0.26042771767224776, 0.23148097872597448, -0.08465114671932426, 0.02865165252472198,B
0.0, 1.7140092644822578, -1.5660569414132364, 1.7210395804947718, -1.7021773311709871, 1.519643147861749, -1.5538156458336088, 1.4292500677246733, -1.3037876193209128, 1.2260998908445733, -1.1392701960775167, 1.0879753020749283, -0.9708118623651852, 0.7626085956013756, -0.7061055138461401, 0.509073380903847, -0.27915475810154505, 0.25786746022171664, -0.11767655782842038, 0.023601326781681434,S
0.0, 0.8654005459900974, 0.018155266940840097, 0.4064326355490641, -0.6034237798420493, 0.03701542100528293, -0.5090171568529961, 0.5484983032928646, 0.012451975520374678, -0.05990613750855548, -0.25541757984633606, 0.3723695747471598, -0.17901226999036327, 0.04446589126270234, -0.2487303875491229, 0.09763005139895187, -0.05585985015309687, 0.2153852690294159, -0.11792923214930681, 0.0028076804237142537,B
0.0, 0.9703963221746971, -0.21200063661876983, 0.5516496101905134, -0.7689848975944622, 0.26696547618320804, -0.6576238335218705, 0.7213593250206378, -0.2867846638223454, 0.15373747864821757, -0.30241813003329143, 0.4470756039374139, -0.35650075143924403, 0.13834632453158952, -0.3220376267453607, 0.22564138205269918, -0.05562971888579163, 0.19191415600609946, -0.1598944203040244, 0.03148302005683704,S
0.0, 2.4138779623856506, -2.179566516496675, 0.8011299919223597, 0.042078772144585254, -0.10050922782518841, -0.21242085731723534, 0.4902863494485676, -0.6118037565016714, 0.6040593485362833, -0.41523304641821523, 0.3335907900280493, -0.5114664437324306, 0.5154846337219439, -0.34216835941283236, 0.24953803180036158, -0.17427114196192334, 0.04368637812787644, 0.0500147024813956, -0.032748535814607495,B
0.0, 2.5742900238371127, -2.950538817723224, 2.098579463899126, -1.17350851071186, 0.7402183794986694, -0.7240234806330811, 0.8260422212038482, -0.8903146983733684, 0.747845132691726, -0.46317251353929245, 0.31414422305552187, -0.32485644149589626, 0.3187049126740613, -0.2525689025387502, 0.15274069391933842, -0.08488997392854274, 0.031493991630117374, 0.017016743188450242, -0.003179264717675769,S
0.0, 1.6544772830825107, -1.45901759239874, 1.532615344939707, -1.477418285042011, 1.3359714632098914, -1.3421151681911776, 1.308566839210028, -1.2150940776204429, 1.1117866663493303, -1.0645936641245028, 1.0123036065326207, -0.8698799203634552, 0.6637273754606147, -0.6244500788495341, 0.4516624304134424, -0.2620392138626353, 0.23437818868704588, -0.08792273704492336, 0.03030567496083022,B
0.0, 1.6882841202595888, -1.5056435912465793, 1.645157689297571, -1.6339820951872253, 1.4609331998134285, -1.5069495798831594, 1.3988074713131786, -1.2669732380094783, 1.176341017311162, -1.0917275814157261, 1.0365607449351926, -0.9124790844929286, 0.7085412847307542, -0.6607679733081736, 0.470514777960817, -0.2508348624915171, 0.2375875823471666, -0.10109754270081472, 0.016379337938886195,S
0.0, 0.8580345684318251, 0.02580235039969804, 0.40102341232227867, -0.5963044136123806, 0.03493849564779162, -0.5140543737477674, 0.5440625531131313, 0.019207743276255355, -0.05686804061023753, -0.25761467769649365, 0.366892339237876, -0.17711332026198442, 0.04626925516499656, -0.24438051188191603, 0.092640648893152, -0.05644418705884354, 0.21364033676515046, -0.11429399055295214, 0.0013427498799848472,B
0.0, 0.9702246459731086, -0.20978930220496617, 0.5431132533152406, -0.7622965010984281, 0.26197146586379266, -0.656188920394632, 0.713122075202576, -0.27462352295385095, 0.1414828199599455, -0.29096994656190384, 0.4296355167756578, -0.33636694693789704, 0.12387781260739526, -0.30440652720040745, 0.2041305571240919, -0.04657525402706863, 0.18311559755128293, -0.14634319515306196, 0.025757635621285194,S
0.0, 2.4290817139393703, -2.2141388170342537, 0.8281783474365515, 0.03662056355832597, -0.11246440899002355, -0.1985890418831189, 0.48866282687658963, -0.6217704866948848, 0.6140932133974369, -0.42162406194779023, 0.3412237832733857, -0.5190193760259495, 0.5188446267082516, -0.3438603811863262, 0.2551586182744241, -0.18074225716957887, 0.04815169538924595, 0.04694591152189295, -0.0315430926158313,B
0.0, 2.5439544239014977, -2.8572150145703623, 1.962547661300844, -1.0521624484166912, 0.6641410439112307, -0.6470046540444403, 0.6953509405254116, -0.7348262019282781, 0.6347145570133902, -0.41622287187281914, 0.2963519376775105, -0.28978747065842697, 0.26586664004749433, -0.2224630748078672, 0.16600667645471667, -0.11274707213439357, 0.04559779107362839, 0.013065961896545677, -0.001972689713561722,S
0.0, 1.6505080430846792, -1.4596289143318872, 1.5461469108223513, -1.5007238282296864, 1.3613578673945275, -1.3634116781216894, 1.3245223473213907, -1.2272284363742074, 1.1196740105382001, -1.0730081734868282, 1.0235855704121604, -0.8832183260838814, 0.6862177864581779, -0.6499600753370985, 0.4771882918722677, -0.28693346443336554, 0.25094097808867005, -0.09777654493861414, 0.03382899312249593,B
0.0, 1.689049612247582, -1.507537715033041, 1.6460186539010213, -1.6342926799187052, 1.4618902637140638, -1.5083176161204777, 1.4006104398379151, -1.2696672876392756, 1.180152966312315, -1.0950448008468872, 1.0390933766856754, -0.915169428437583, 0.7120374727380945, -0.6660133328112435, 0.47591723746730696, -0.2537704761049763, 0.23897627887619435, -0.10287867501938441, 0.017277254298890595,S
0.0, 0.863584127116192, 0.021342333995862297, 0.4076393895689123, -0.6025949996491948, 0.04053874136239658, -0.522491728873704, 0.551366284678997, 0.013787594034296965, -0.051791792918544015, -0.263997727677327, 0.37531204935469015, -0.18161902504865252, 0.04561997232041799, -0.24577585835372365, 0.09577027629683281, -0.058362930999555196, 0.21487945747199058, -0.113251028989771, -7.903139685982941E-4,B
0.0, 0.9744305439169114, -0.21738034911607296, 0.554565056158681, -0.7763946731062189, 0.2686318022957805, -0.6688095289177306, 0.7254496863667542, -0.27995718903097094, 0.14419512510778512, -0.2958210498959761, 0.43753966363456687, -0.3425760346121604, 0.1259196379856547, -0.30967316819054996, 0.20925640376525653, -0.04879706275222647, 0.18534425878410563, -0.1483202373765265, 0.02768586451455253,S
0.0, 2.4203002744309687, -2.190039346316454, 0.8012553134390312, 0.05627372108290978, -0.1302555879536892, -0.18211618838882154, 0.48149652360543127, -0.6217012344655135, 0.6058462508597221, -0.4035523754051194, 0.32547938493702494, -0.5088813651060721, 0.5086736576814491, -0.33486395703599964, 0.2507264825689714, -0.17359357280872512, 0.03471165506887385, 0.05769286455313416, -0.03471462564060071,B
0.0, 2.5481933637269734, -2.85961283586968, 1.9654695750255191, -1.0935136656664715, 0.7616499987172867, -0.7813559044601978, 0.8360114444821692, -0.8472982354031328, 0.7154335969907484, -0.4973595468137199, 0.3969283352496652, -0.3877914801230899, 0.339079789331726, -0.27787301717135043, 0.2183397945452629, -0.17373383320099794, 0.11079928705857774, -0.030604045766917918, 0.011312984611735785,S
0.0, 1.6911336853416115, -1.585359628604065, 1.6907374084350264, -1.6684517762497852, 1.529914724350649, -1.5410155753133878, 1.470604587883029, -1.3931863167631044, 1.3034751696872307, -1.1840004621543097, 1.0974698908942284, -0.920684242955692, 0.6711969080784314, -0.600249285031217, 0.46136078152063426, -0.2724371393721434, 0.23956075082019723, -0.12159204394974672, 0.036643045657730994,B
0.0, 1.7241782752989752, -1.6261817157081788, 1.828798434436672, -1.8562892514569893, 1.6996182843985057, -1.7397455297763107, 1.596561958147381, -1.4366710648055185, 1.3516617385998428, -1.1826959445883112, 1.0517901020423395, -0.9382227649974008, 0.7204755219548069, -0.6609843700099117, 0.4760774505573906, -0.23178192993206662, 0.2237046231764816, -0.11648863200147798, 0.03508164834712469,S
0.0, 0.9216645165448132, -0.09042019938533201, 0.34586612465814864, -0.5367117286865641, 0.12195906417292389, -0.5265710584141162, 0.5864010574660652, -0.1274139809916823, -0.016851192990233733, -0.18121275683818186, 0.29691616641600543, -0.19056867155045262, 0.07461382003546375, -0.21332682579476786, 0.09977395943300252, -0.029139308281309322, 0.14060182600145787, -0.11630417627619337, 0.029873419116449317,B
0.0, 1.0481149112215642, -0.2818037011082392, 0.49737803798813945, -0.7723938733132427, 0.2740695524585555, -0.6400988840325149, 0.8263875568639406, -0.40332175340850723, 0.13960944214282212, -0.300738058891376, 0.4084106768857592, -0.2612840883848344, 0.10408348588022438, -0.30079748276240836, 0.20241115073398144, -0.06670687250929742, 0.20277219518860462, -0.17414071384611707, 0.03485505492082056,S
0.0, 2.395263851641662, -2.0393824629454103, 0.5662771694960669, 0.13954740266443752, 0.07283160361451586, -0.4810507231677667, 0.6221976946328225, -0.5803848202529303, 0.4934726697166958, -0.36313473172247107, 0.348818371227451, -0.4440216441671119, 0.3293499705865273, -0.1961019394809395, 0.2521364074052745, -0.26212258986295106, 0.12651948147851116, 0.009013451540009368, -0.025616349608490217,B
0.0, 2.748036639144012, -3.357787820061263, 2.4978094246894433, -1.2848059226007589, 0.599223076553883, -0.5804833114819542, 0.6958108419861468, -0.6812527857370232, 0.6164580645095964, -0.5543077024424055, 0.5794222261052066, -0.6237544784665541, 0.5171674626297024, -0.33840210639229995, 0.19121661693221823, -0.10540932926746302, 0.025376370842781097, 0.05648786247745698, -0.03665177944405051,S
0.0, 1.6887916228034279, -1.5758699052030543, 1.6809089005322218, -1.6567250684604353, 1.5138305852625429, -1.5232071291571097, 1.4504693334235264, -1.372193449034008, 1.2824729440639082, -1.1631813576108756, 1.0765484936260936, -0.9008125599228025, 0.6517755110196712, -0.5838354759242359, 0.4475998479471378, -0.2612061720713118, 0.23269577856893808, -0.11674243449485468, 0.035062635535203376,B
0.0, 1.6823624176682388, -1.530890466940827, 1.7291916139217738, -1.7618234528528944, 1.6168319540851663, -1.6581411381987934, 1.5020095766343313, -1.3461672018694977, 1.2854158785589453, -1.1165463177282535, 0.9780106071310621, -0.875758904164495, 0.6744610859745128, -0.610671943951932, 0.43094216771204086, -0.21013524871699282, 0.20684051687272814, -0.1024048576735304, 0.02868234163303171,S
0.0, 0.9060165561840532, -0.06654857163745151, 0.3209562379032761, -0.5130227588412077, 0.10068035121715163, -0.505994333573534, 0.5573026272658969, -0.09794609130645184, -0.039471942067623875, -0.16010223934891138, 0.2734156562709212, -0.1675940074053221, 0.05233126043314943, -0.19143575520136338, 0.0806316205793018, -0.015421187422889083, 0.12979500538677724, -0.10555525210071716, 0.024007325200185316,B
0.0, 1.0401874765976908, -0.26308057235146215, 0.47576715383749474, -0.7512058379336278, 0.2535404804652539, -0.6291915380314773, 0.7978666937783891, -0.36666877432943784, 0.1092908182347063, -0.2696636473670731, 0.37965395712694294, -0.23701793245262148, 0.07632736776411707, -0.2711687137646082, 0.1742559347696664, -0.04397832089102564, 0.1854315474535159, -0.15999934762561752, 0.030484409536733533,S
0.0, 2.393193482111738, -2.0262118417902264, 0.5394218757161825, 0.1676583235781527, 0.051655982930972226, -0.4667695661726931, 0.612469853915092, -0.5710802347295586, 0.47927084840649886, -0.344348835812595, 0.3341359432936542, -0.43658188629361694, 0.32294967316103385, -0.18833350075664343, 0.24496085908917153, -0.25294882295173754, 0.11565437010941906, 0.016519761490422915, -0.028275600448084068,B
0.0, 2.67138129124792, -3.1512189722069466, 2.22822971358471, -1.0329308331879261, 0.40507421263862575, -0.40877525064351183, 0.503890505006022, -0.4912157131795665, 0.4534997830511774, -0.40490562063632335, 0.4302003915704528, -0.48983952952815824, 0.42106989081058455, -0.2706352356818008, 0.13562504537956618, -0.0696420416966411, 0.007067564925171149, 0.06395728775879936, -0.03723941844355422,S
0.0, 1.6855340454479983, -1.5682408449765362, 1.6771123221160769, -1.6510331549185326, 1.502523069423242, -1.5096417800054276, 1.4333043707624584, -1.3539814576739422, 1.2641429724945148, -1.1447160762277697, 1.0582430395790583, -0.884404828401717, 0.6365613302808144, -0.5718093140967856, 0.43603944603746625, -0.2507075914517295, 0.22719968156210482, -0.11332670579627328, 0.03389788501228089,B
0.0, 1.6939099782849796, -1.5531896658884399, 1.7432873481472522, -1.7688191433349925, 1.6146449354076828, -1.6527860560921186, 1.5032298180697805, -1.3396071140291632, 1.2707739453045026, -1.1033736418807791, 0.9694707672854518, -0.8707658955713449, 0.6642186850101378, -0.5998494597425089, 0.4259221530919035, -0.20665972412008535, 0.20183607142113602, -0.09488245486419872, 0.025334067216839055,S
0.0, 0.9082971259454158, -0.06659408474236785, 0.3253819995597089, -0.5212858578844973, 0.1065911746246562, -0.5161420108857109, 0.568450226262769, -0.10308968232792907, -0.03673752392491984, -0.16410259042297928, 0.2775660608519773, -0.17026584009594184, 0.05297367823769625, -0.19329302026917142, 0.08146665299762332, -0.014329555009182302, 0.1320399486526778, -0.107849049357443, 0.024319671263941967,B
0.0, 1.0281882908203508, -0.2546418913403115, 0.4764460657105056, -0.7469209349312993, 0.2508812534223205, -0.6364136413695383, 0.7981046452195789, -0.35577191773594086, 0.10898906629842721, -0.2710680873539114, 0.36815850200171, -0.23345621905416505, 0.08206006639096868, -0.26682602533181543, 0.17223466429569484, -0.046783709102446926, 0.18309140997615425, -0.15862067732418414, 0.031123529042548094,S
0.0, 2.402052623937314, -2.0541370955988523, 0.5813718741117526, 0.1226580997837128, 0.09620566278773968, -0.5098260199238385, 0.6424358485496142, -0.5822990614513087, 0.4872816374868333, -0.36629359283057483, 0.3684212382841141, -0.46347280178081784, 0.33069588522107196, -0.17957217651806767, 0.22690077784923937, -0.24541237869487437, 0.12816163556436727, 0.0013597175171075459, -0.023187109748384453,B
0.0, 2.633349405650464, -3.047072170322799, 2.1223485067707966, -0.9937258896202497, 0.3996765286011017, -0.3765041263959194, 0.4447997654162622, -0.4308417466507255, 0.40058038026076004, -0.35831694597286623, 0.384264169510196, -0.4404169316272093, 0.3739809054113877, -0.22920303834951622, 0.09904463547270087, -0.03984895713858763, -0.015015046809597633, 0.07554416022836002, -0.040156546426227784,S
0.0, 1.6844834128874815, -1.5675216697673588, 1.6729159122617505, -1.6529577180033224, 1.5132185094392268, -1.524194841606522, 1.4542525861835365, -1.3751825717863266, 1.2831796536827826, -1.1659228829584403, 1.077959492418689, -0.9018605046395756, 0.6547158980099141, -0.5891342312374195, 0.4522423949629747, -0.26436869242030503, 0.23641281267244704, -0.11952410650063365, 0.03693674980245986,B
0.0, 1.7022980371808505, -1.5707535702275954, 1.7623435093400874, -1.7852703288077907, 1.6242779602702413, -1.6633084357027517, 1.5161742167856895, -1.3507753370527227, 1.278150044067838, -1.1070406269768926, 0.9745713316917596, -0.87593396461244, 0.6656839574841896, -0.6023952272192526, 0.42951272311543154, -0.20824665266484468, 0.19982665411977987, -0.09125655935713403, 0.024712929004184703,S
0.0, 0.9097793230613932, -0.06652571748998154, 0.3197371637001359, -0.5157705411576247, 0.10423227249530978, -0.5127740753918716, 0.5630621757870219, -0.10051521944258032, -0.03590244378244276, -0.16142027545360835, 0.2746059952747102, -0.17228560810156496, 0.054475736116258784, -0.18815654738537788, 0.07848946520249554, -0.014272899306671628, 0.13416148895331065, -0.10956885315626086, 0.02406737934361852,B
0.0, 1.040967582371698, -0.270879852984705, 0.488043685575833, -0.7565836897776752, 0.27307019666299487, -0.6527203405303984, 0.813415656962621, -0.3773155242773281, 0.1293743269732148, -0.2823627851005001, 0.3820678954369852, -0.2482285324100162, 0.09152938322705274, -0.2734146098789075, 0.17690163656222813, -0.05060625180583395, 0.18616539339261937, -0.16265443296268378, 0.03247272712209205,S
0.0, 2.4037228679046208, -2.0619073799814167, 0.5932509216920421, 0.11288822333380034, 0.09803432802192846, -0.5064342768196896, 0.6447475604119466, -0.5912543861423163, 0.49525350889130226, -0.37117288046867397, 0.37631658942837326, -0.4768301601557614, 0.34138255415827684, -0.18372431395886396, 0.2311429409118268, -0.24874267798221233, 0.12719671412783415, 0.0015745279407331809, -0.022368960793779032,B
0.0, 2.629043773141927, -3.048913936424957, 2.147356517735991, -1.0291048836454855, 0.42193870284013074, -0.38554446314829066, 0.4585453855874219, -0.4594222719022888, 0.4351228649348173, -0.3878728014571244, 0.4095803228767323, -0.4674035234295515, 0.4018368535716432, -0.25598293972986724, 0.13170054485183583, -0.07730369392880027, 0.01294993412714008, 0.0618717609509192, -0.03601027167414552,S
0.0, 1.6796128409083397, -1.5556615877785396, 1.6503904894525356, -1.628808970298897, 1.4902097578595006, -1.4967182269383417, 1.4270163571537129, -1.3456844681975546, 1.2503228034670708, -1.1374710971420516, 1.0545382515284052, -0.8842919602149263, 0.645891595535807, -0.5859351109714936, 0.4499349387295429, -0.2635605413539191, 0.2366887497849933, -0.12005153792577852, 0.03837860127156342,B
0.0, 1.6999855918351183, -1.5685417514974267, 1.7584071247727873, -1.7735072497372653, 1.6024892674063078, -1.6372817478859643, 1.4931830416867768, -1.328073740217133, 1.2510377766613605, -1.0798601820881983, 0.9508153537330895, -0.8519809210867447, 0.6407688414025491, -0.5808153469529511, 0.4129808063848121, -0.19574531584846833, 0.18895733140459464, -0.08252732453259438, 0.021588234140046698,S
0.0, 0.9103531573220996, -0.06428616900572705, 0.31601210830650034, -0.5166388455759717, 0.1049456285005036, -0.5164286607434933, 0.5652954433812653, -0.09995116734354421, -0.03972335877069984, -0.1619325201190461, 0.275244160464334, -0.16988264463302452, 0.05729946055443781, -0.18800822743357817, 0.07419459101259798, -0.007511448431819986, 0.128179432943836, -0.10472050689857042, 0.020303739796714827,B
0.0, 1.0379688604973323, -0.2621638191772416, 0.46843100730937426, -0.7378498371815037, 0.2674313314058666, -0.641037227680229, 0.7980105361320863, -0.3796002413854549, 0.1285369340369649, -0.27503562169585755, 0.3891965641411231, -0.2546400032132637, 0.09067487003283736, -0.2819795507961049, 0.18652240729315803, -0.05229034411220942, 0.18518278791077436, -0.16024775523345938, 0.030555185980960083,S
0.0, 2.3610591576496325, -1.9395469576170679, 0.4574628119307715, 0.18805774553358692, 0.057182919554341856, -0.44773577831022693, 0.5547624221426612, -0.4884327996636219, 0.4113959315312443, -0.326115921420034, 0.3611567638209655, -0.4537097426709502, 0.2881116494020933, -0.12371106366631057, 0.1872081928076159, -0.22275343349335133, 0.11712144878887178, 9.241197004385964E-4, -0.02054373010360002,B
0.0, 2.618153330005112, -3.0133791358744, 2.11266304642819, -1.0454988200013198, 0.489717100505773, -0.45814893151263847, 0.4999642541146386, -0.48207126160348085, 0.47195592005739495, -0.4383166866302526, 0.45035519927266904, -0.48375673011520276, 0.39667536945923915, -0.24817776991412682, 0.12768862911289908, -0.07321693496781635, 0.010765534781808458, 0.06349547105551735, -0.03672203104419335,S