0.0, 1.0852138182901816, -1.0101522704997348, 0.7402988678328329, -0.4713138840634254, 0.5878785224355577, -0.5061293318343454, 0.6313999826125613, -0.5385189735297515, 0.5869784864795458, -0.4479784156248131, 0.46359248003258396, -0.43295240507675825, 0.3352666539219376, -0.3736741047507284, 0.2933616322601474, -0.22526978466139527, 0.24410005429335618, -0.1768919154119888, 0.05969407438660384,B
0.0, 1.063685472828228, -0.8458925508497803, 0.7169536511713609, -0.5444757284454358, 0.7081886624597128, -0.7256336818929439, 0.5293811198815035, -0.4755761265059374, 0.5528399361215411, -0.3841962553318569, 0.4210623776606869, -0.35829326677084206, 0.38402534706547964, -0.36374245423671825, 0.18239730853392833, -0.18472546867180667, 0.17907567808478903, -0.0888318545155388, 0.0531053639235836,S
0.0, 0.7062787450301817, -0.10910793183699594, 0.3356396052067691, -0.3498415697465763, 0.17438217721510127, -0.5118035613845897, 0.25956998083186, 0.060255680867811814, 0.12872941114697836, -0.0537231098942541, 0.20187737774757517, -0.3078888248370842, -0.004053402048727091, -0.16043606137815483, 0.31076472962320323, -0.16345636429066263, 0.1275956919557936, -0.12067864748056428, 0.03951174975156883,B
0.0, 0.7075835290979565, -0.20018276840683308, 0.13265033649218896, -0.22299150999963066, 0.21684904548988818, -0.37356220836286963, 0.17346045666201534, -0.05373899939505819, 0.15859810785920447, -0.1514580751886785, 0.23615029776956634, -0.16984385548319933, 0.0544358818327767, -0.18031416259782374, 0.11250369910741813, -0.05863688241306305, 0.12500868836231843, -0.09152052774114908, 0.0032393641859664282,S
0.0, 1.5757141769499612, -1.1331382292027898, 0.7809669331530266, -0.6076158408467054, 0.5382039478161432, -0.5378760958345938, 0.5407424579787959, -0.5077012202672188, 0.47025314070848845, -0.5275340209825552, 0.4510213843675593, -0.3641483819446409, 0.24911135913947094, -0.34726676606887136, 0.4077196217326823, -0.3183787553975115, 0.2654702883969671, -0.1556826179162822, 0.03213286004994545,B
0.0, 1.4717575096232867, -0.956639039387014, 0.5124093972404283, -0.22219873650996194, 0.44256390337056806, -0.5676838340865299, 0.34035294906037095, -0.2724396227857697, 0.34061975853203497, -0.33128681002182675, 0.2081954813043551, -0.20144615262670848, 0.3051823178822317, -0.3522987741375012, 0.20808890065243543, -0.1698847652904721, 0.20338826708461472, -0.1586474571711824, 0.07117897405279223,S
0.0, 1.0837667686121502, -1.0198744108292972, 0.7495801275284033, -0.4738359766805145, 0.5860088562128452, -0.5045008543251406, 0.6352505540949733, -0.540436251237365, 0.586844556407582, -0.4464016039734939, 0.4668985372414605, -0.4392557297562717, 0.33586000235675606, -0.37159002766500787, 0.2966672937001904, -0.22783513713652512, 0.24396081310700032, -0.17666118345366474, 0.05919011806127939,B
0.0, 1.0589838164338177, -0.8360119667724781, 0.7059407179316632, -0.5326159042791977, 0.6950675824610533, -0.7104933734629192, 0.5126711048280682, -0.4588388836501047, 0.5365487481039863, -0.3681213943564098, 0.4052215969531008, -0.34319857429299455, 0.37023419305969213, -0.3516935721279247, 0.17241286257532223, -0.17683267201283995, 0.1726818583086535, -0.0836811993809614, 0.05078628074284981,S
0.0, 0.698515205254304, -0.09849558385097908, 0.32287325933996586, -0.3333533442320335, 0.16303452618069855, -0.5047794662137598, 0.2525038702613303, 0.06854748685943102, 0.12357510119532916, -0.05209253180195284, 0.19742852735580713, -0.30419329811398116, -0.001079059624519621, -0.16419499891252046, 0.30411506495379165, -0.1556613992368566, 0.12525294930593217, -0.11874405076430686, 0.03754192035238534,B
0.0, 0.6845485274448581, -0.16805391155761554, 0.10507455303296633, -0.2007275009859553, 0.19876078165028255, -0.35913370553305035, 0.15290588184287723, -0.028979623795189594, 0.1352605664263405, -0.129878106902589, 0.21792575081649557, -0.1537719966177791, 0.04086912611517619, -0.17011014633682128, 0.09900638259528362, -0.04203675466025851, 0.11195840994659757, -0.08089324292953431, -0.0037076820367429606,S
0.0, 1.5692154965376865, -1.1252667295374659, 0.7811089967224891, -0.6103895318154301, 0.5324712650122712, -0.5263584251379974, 0.5372189923354531, -0.5122859389336956, 0.47426711645465097, -0.5305250994589785, 0.45585571879455145, -0.3681200710710854, 0.2486911307722302, -0.3475839130664103, 0.41110782334744056, -0.3217470777860418, 0.26443967948779745, -0.15163616276114797, 0.03020372524977066,B
0.0, 1.4614977431251504, -0.9307799006073734, 0.4829057249493922, -0.19580637630648776, 0.42316559959659533, -0.5459766862660869, 0.30854291762632813, -0.24767470333294858, 0.32767371615551183, -0.3197328892222377, 0.1916274714869184, -0.18783904177350913, 0.29862291816625586, -0.34407626822479426, 0.19603146566089202, -0.15518243406046728, 0.18864685854226312, -0.15156967731645013, 0.06976162189147182,S
0.0, 1.0813544064639111, -1.011342218086388, 0.730997141556746, -0.4449374194523189, 0.5592743996562913, -0.4789531276815753, 0.605803584229626, -0.511266016454608, 0.5625412239099392, -0.4227501768642824, 0.4424996744832646, -0.4187628564420286, 0.3214276078277681, -0.35887840400096727, 0.284149066991613, -0.21980954549423104, 0.2413614731336826, -0.17407463730069414, 0.057991726826040826,B
0.0, 1.0570813060125264, -0.8366448891241731, 0.7033494244226027, -0.528211179008609, 0.6876431581486139, -0.7022735047337381, 0.5077634681981789, -0.45420419685773505, 0.5293737843504461, -0.3587166906403834, 0.3981410806462431, -0.337610863385322, 0.3685144283567773, -0.3514102236457222, 0.17112217916472583, -0.17679834148628634, 0.1732253144395081, -0.08234666450722541, 0.050048532407279064,S
0.0, 0.6980475219492014, -0.1050893307331855, 0.3276378663322233, -0.3391413628016726, 0.1748264516889112, -0.5188595050765105, 0.2650531218945953, 0.05053786252264933, 0.1426930640343557, -0.06916548055155963, 0.20793568563195225, -0.31214198436911506, 0.010603115012356832, -0.17722105106857647, 0.3098345369922471, -0.159813910941318, 0.1259095571969896, -0.1175592179432419, 0.03677964250100746,B
0.0, 0.6917140932330288, -0.16920342536216673, 0.10492433623126854, -0.2030930199428757, 0.20090882790253314, -0.35827421344193777, 0.1518747711801301, -0.028251180542413334, 0.13442206227053644, -0.1317617954156774, 0.21419688596251032, -0.14806577685174221, 0.036773083328660756, -0.16690970902254004, 0.09979118329062997, -0.0444243565731638, 0.11579930668361978, -0.0840202228202812, -0.002106220315523852,S
0.0, 1.5675096747029564, -1.1265138988353038, 0.7871067806578012, -0.616147163459055, 0.5306421364737084, -0.520181532406491, 0.5365265439586662, -0.5156236542473756, 0.47557236562129945, -0.5303662500783831, 0.4556819521503535, -0.36510832790660314, 0.24191086997901015, -0.34430653810758344, 0.412072381773509, -0.3230139437911859, 0.26418427778156905, -0.14937956285319545, 0.028402067764076895,B
0.0, 1.455042572130932, -0.9209039768085295, 0.4817508732540676, -0.20196154741088268, 0.423640111999191, -0.5431175141771466, 0.3108782514728365, -0.2519265328287819, 0.3305095663142291, -0.32559302165123183, 0.19793520206365328, -0.18847835894525816, 0.2985572520647807, -0.3471158917849432, 0.197043466671484, -0.15233727492230825, 0.18779154250056876, -0.1527099807089355, 0.06965561803013146,S
0.0, 1.0803225186108338, -1.0143893750395518, 0.7294204788661878, -0.43307854470032053, 0.5490513442890855, -0.4749160853446073, 0.6017220248969214, -0.5013419771217873, 0.5499493638414876, -0.4124145139606267, 0.43645542159688244, -0.41158694820571096, 0.3118458111259711, -0.352884958975976, 0.28160016477068905, -0.21843923220385195, 0.2409346166764082, -0.17202888426880836, 0.057558680046285955,B
0.0, 1.0589885975411222, -0.8502485581453515, 0.7165199131591473, -0.537832617690374, 0.6962185771750782, -0.7094175180178455, 0.5169521667911194, -0.46514594171528045, 0.5390222257846384, -0.3648395464511531, 0.4073264661685798, -0.3473563204707106, 0.3740205224585427, -0.3569733651706904, 0.17916120566514604, -0.18127560238756435, 0.176136526674958, -0.08459621242472157, 0.050713553105043475,S
0.0, 0.6876709315062138, -0.09698076255387932, 0.32238656215774386, -0.3280658969980178, 0.15805691934733995, -0.4988712743891657, 0.23872853369524044, 0.07696656880019848, 0.11506323062437793, -0.04332908509380801, 0.18218684234660948, -0.28061191259906093, -0.017560948363024274, -0.15750440068276358, 0.2936784097326071, -0.14914999451916447, 0.11920708659001938, -0.11477835730696465, 0.03487678493546689,B
0.0, 0.6902501861543364, -0.1656583741694064, 0.10010541855795642, -0.1997637783778025, 0.19932310399045625, -0.35767910330955194, 0.1502711058320696, -0.026776589376821838, 0.13581858617377662, -0.13265573630352714, 0.21893826361783456, -0.15230572409736398, 0.038131959751824505, -0.16899778676424865, 0.10227244888134553, -0.04683203105559817, 0.11905688523313994, -0.08528583058311258, -0.0015893355387652645,S
0.0, 1.5650585909773775, -1.1269355937723213, 0.7943424505257902, -0.6264940824234995, 0.5355717278172794, -0.5215073112977509, 0.5429014365141166, -0.5237589130522036, 0.48195456334550674, -0.5337622046258605, 0.4578112882725878, -0.36959040178971253, 0.24533006482504233, -0.34804203634202285, 0.41586487676513345, -0.3247679973762192, 0.2675243088895975, -0.15395290027340064, 0.03052903127425962,B
0.0, 1.4512539287842183, -0.9172584187819551, 0.4818426274672454, -0.19888966698256835, 0.4153514950255685, -0.5349682245020867, 0.30782187950123885, -0.2534094514254928, 0.3341866100788703, -0.3281834958459045, 0.19838861877610423, -0.188181287588717, 0.2969997683161236, -0.34622454888804904, 0.20209060950017385, -0.15640592079233967, 0.184781722675006, -0.14671398766085142, 0.06661927598584506,S
0.0, 1.0833485275454233, -1.0224563862291907, 0.7269345151327965, -0.4237295381816696, 0.5441891782593438, -0.47392537528299045, 0.5989509443530433, -0.4976742211745425, 0.5493383165250793, -0.4128976867574308, 0.43664224175316246, -0.4079938332101289, 0.3064562583862156, -0.3528774891028365, 0.2865571110283069, -0.21992955195770023, 0.24306880797761146, -0.17545442861265548, 0.05896312112947114,B
0.0, 1.0594275565846447, -0.8609818269420192, 0.7275354929047181, -0.5443795081376626, 0.6979208458101367, -0.7124121567289148, 0.5208259567085417, -0.4685277480023902, 0.5436319522462755, -0.36657293779480166, 0.415210373602224, -0.3539263658341331, 0.37461448722581564, -0.35833845642777984, 0.1821299865892141, -0.18342577784274527, 0.1764488376114513, -0.0844593919792958, 0.05118917826688569,S
0.0, 0.6958732566676533, -0.10620662599131996, 0.33708285505107394, -0.3449045353248807, 0.1714533004498904, -0.5296581776373915, 0.2649216484451212, 0.05956679653223208, 0.13742955058397952, -0.0546895032949094, 0.20648387816486843, -0.3100735841364376, -0.005203074955242889, -0.1713855624099958, 0.30676623415136134, -0.14950424052923839, 0.12642462690396403, -0.12282998723518096, 0.035035594658179854,B
0.0, 0.705268269207115, -0.16732142516964882, 0.09263045706657397, -0.20569103052145418, 0.20145027398017143, -0.37510349985077485, 0.15124405652130762, -0.024029009430379392, 0.1411482630874554, -0.13098582870830544, 0.20722559105897598, -0.14849075579337773, 0.03548220650371606, -0.16698408882935306, 0.09677817672300186, -0.0403807715361917, 0.1063788208577446, -0.074430568231853, -4.7989854282066166E-4,S
0.0, 1.566778302696942, -1.1338518824196675, 0.804117464737923, -0.6346127578187405, 0.5376553972056352, -0.5236682010368316, 0.5490473172490318, -0.5289207479603086, 0.4848577596370871, -0.5378758332793626, 0.4641327166537511, -0.37262221084499303, 0.24503100624832103, -0.3517289372463538, 0.4216508207826471, -0.32688554680992776, 0.2655185331408554, -0.1524564641574414, 0.030192972344282313,B
0.0, 1.4443843264274234, -0.9060963031026853, 0.47861088771401217, -0.20540744662797775, 0.423264504702924, -0.5327898894698004, 0.2953007069112974, -0.2395572842603137, 0.3241550867950327, -0.31620004888792974, 0.1818973037160609, -0.1744629437040968, 0.29004008522284974, -0.34152502757720227, 0.19461765448785345, -0.14660035930342755, 0.176574195195046, -0.14360897944731632, 0.06674771482729411,S
0.0, 1.1344992741966407, -0.7665279373211489, 0.8551874622867459, -0.42969126734138063, 0.4872804512470789, -0.7463472337549025, 0.5997852711069287, -0.6017568854944153, 0.5943392208993881, -0.46629169967459055, 0.5176857632749401, -0.49479170303202635, 0.3900131697766182, -0.39576570210755, 0.32041569199202247, -0.20690234900846458, 0.20882786056765137, -0.19339337722047575, 0.07460751290064069,B
0.0, 0.8782035262665455, -0.7112478079545042, 0.5716051962153899, -0.42828174780217804, 0.6806277046860583, -0.6405716981570111, 0.43239762798275794, -0.4535898235298545, 0.4800354623064244, -0.34589774409620083, 0.40083086430510734, -0.3353111673119847, 0.3807259843001693, -0.28522204891188646, 0.17081634987453853, -0.20801155505447705, 0.18260586384385197, -0.08268667381968284, 0.04102134694038376,S
0.0, 0.6880261846623955, -0.28128544465008093, 0.15657407478879987, -0.4018723508275163, 0.24364030573491047, -0.4924856087312188, 0.3038493742593789, 0.0771335767942111, -0.014324118864805346, 0.012743176980736242, 0.17550095146461483, -0.28747208051894096, -0.0340353470926519, -0.06416455124339064, 0.22556335964577118, -0.1630304250868294, 0.184500062425517, -0.13900184738723487, 0.04616321844222125,B
0.0, 0.6057847362458074, -0.2666483935921133, 0.13590034875158835, -0.1668997591791944, 0.19932941125328202, -0.33620010819472734, 0.1724944145979447, -0.04958480256982214, 0.15419207252157627, -0.13591666195968954, 0.1508535996824546, -0.12955123456688925, 0.054492619111843346, -0.19708170386491627, 0.14069264308592422, -0.10542019444408224, 0.11256278664103603, -0.06282058926789809, 0.04246892876215315,S
0.0, 1.687642665026358, -1.2100516076767365, 0.6970298272567089, -0.48617093921333226, 0.4547318736302874, -0.476659267204616, 0.47544107395915947, -0.4744551777289748, 0.429617435220727, -0.43197285922603584, 0.42614705280458337, -0.4141890545919185, 0.28098994132726646, -0.2789652782987791, 0.34724954709893824, -0.3298430008172656, 0.2950027142443772, -0.1956503711783798, 0.05201298071144758,B
0.0, 1.471361120576544, -0.7563141713621895, 0.27644108566760817, -0.17665122641002415, 0.4080087236943079, -0.5119007196094825, 0.29339943220409453, -0.2518904510643696, 0.35211698378728545, -0.34318399624433166, 0.25213905079616683, -0.23410493371209137, 0.30802950868245615, -0.3173229495947019, 0.19855131790647304, -0.15936165944378947, 0.17352135336002472, -0.14215789016886424, 0.056016402557552004,S
0.0, 1.134938616603658, -0.7694012417598095, 0.8582057943088605, -0.42585111827560534, 0.476335208547001, -0.7386674220677848, 0.5948364282892513, -0.5959308110905703, 0.587484144466081, -0.45650010842313543, 0.5122891594038266, -0.49230354417795386, 0.38371871136136004, -0.38969109479602865, 0.31761482637465094, -0.20523711456679677, 0.20742929404223623, -0.19065231658128534, 0.07231540156215283,B
0.0, 0.872377674309449, -0.7098617162801074, 0.5690227530810493, -0.4192652161866331, 0.6691585350265573, -0.6287350773242337, 0.4210801416693924, -0.4427707149406824, 0.46981930134695954, -0.3351010340963514, 0.39015123376672656, -0.32429481550093175, 0.37067466899842133, -0.27791848495178295, 0.16812556816096225, -0.20253917604305027, 0.17464193821559323, -0.07689560459149548, 0.03882945821748911,S
0.0, 0.6775083125250926, -0.262773464195337, 0.14097871607724283, -0.38752580849773377, 0.22988331801662182, -0.48173686654922904, 0.29447152753136374, 0.08830048918553858, -0.02259220015266928, 0.02392706821194409, 0.1690344077165632, -0.28059775341633286, -0.044108764323308396, -0.05713963962659723, 0.22299900501514228, -0.15891618548449757, 0.1797623709649612, -0.13463623780070064, 0.04522251744202488,B
0.0, 0.5850851045896988, -0.23710780004163162, 0.10911465239437214, -0.14218924950435272, 0.17514542433215466, -0.3159318225528171, 0.15187395920185548, -0.030948864318763893, 0.1391594000530846, -0.12118177775640594, 0.13718588977095827, -0.11611760106431916, 0.0424832029054466, -0.18748648894937686, 0.12881331472080654, -0.09224726902183931, 0.09884137666831025, -0.048422489706011665, 0.03563048903050745,S
0.0, 1.6812647663877751, -1.1935051745475123, 0.6806850017859452, -0.47981835217524277, 0.44998311211348, -0.46052011889395494, 0.4530746835645889, -0.4552860154163745, 0.42440045556407413, -0.4350746745074278, 0.41863727954858154, -0.4013988835704554, 0.2706374310359981, -0.2747244584568949, 0.34756614023957844, -0.3275405500189204, 0.2869695201908739, -0.1854470730855562, 0.04683556098800561,B
0.0, 1.461296460004313, -0.72915710045591, 0.2414177319828649, -0.14971001112049367, 0.3877799778933419, -0.4844470253311896, 0.2610954829211618, -0.22249597527999312, 0.3306238232244322, -0.32764063516572156, 0.23761931136169467, -0.22206201563916533, 0.2970561085972052, -0.30857203829888447, 0.18980961851070635, -0.15009577739465346, 0.16865337677067987, -0.13838715954291952, 0.05300897773828836,S
0.0, 1.138544865540788, -0.7670254783445053, 0.8519668454759605, -0.41340045957966604, 0.46271323839215484, -0.7321477815788728, 0.582987965932343, -0.5847679565728657, 0.5760466803228194, -0.44296052779433526, 0.5015615376337142, -0.482193943788505, 0.37497662834028317, -0.3834142497339401, 0.3133030444508378, -0.2021699162735884, 0.20726349481714526, -0.1909454695979045, 0.0724553010180896,B
0.0, 0.8670735334531083, -0.7065352934149204, 0.5607397096768993, -0.4052300025003354, 0.6559635759620335, -0.6118350474910991, 0.40125067486287197, -0.4227622287509396, 0.45204848390228813, -0.3193926815968815, 0.3737721725593223, -0.3088251571829137, 0.35878765495997417, -0.2723922137683474, 0.16843991763001182, -0.20143960634925587, 0.17306568872995623, -0.07722383348464054, 0.03901990844485356,S
0.0, 0.6708076279698131, -0.2619135691675909, 0.13516793206888292, -0.38090285968698195, 0.22320167973805272, -0.47456163559412684, 0.2876825853750067, 0.0943173529430827, -0.03176643314541794, 0.029115052638147385, 0.16294242328044437, -0.2712664320196373, -0.046606316822982274, -0.05568675604159945, 0.21420112193721524, -0.1528533057029573, 0.1752092025480721, -0.13107573327704616, 0.04449969139185452,B
0.0, 0.5869201330608791, -0.23809223391919362, 0.10750197380186982, -0.14112200535041705, 0.18058112798862483, -0.317385772184013, 0.14893981591423336, -0.02281794865734023, 0.13324856866534604, -0.11564121108625959, 0.1307353492170866, -0.10776633095487188, 0.0334779737483388, -0.18044172075375073, 0.12286583270952785, -0.08759403833003401, 0.10004632383637234, -0.05037041461881777, 0.036517365866547025,S
0.0, 1.6797013411573307, -1.1956190588457996, 0.6890939563437359, -0.48733348514695285, 0.4501177206801037, -0.4581252506195524, 0.45691637504850874, -0.4636006825834064, 0.42941593439537273, -0.43778368754964364, 0.4233281355751931, -0.4059947462246743, 0.2704112540507027, -0.2744929560334301, 0.3504479371471981, -0.33035618928869814, 0.2889162287960638, -0.18665402227466296, 0.04706911892141139,B
0.0, 1.4637175996871177, -0.7393690631217753, 0.25612928030577675, -0.15881406151126332, 0.39088284991250777, -0.48938311861327766, 0.27284414105827903, -0.23429958154258307, 0.33915464334258205, -0.3345020420367269, 0.2402597926028281, -0.22411614981036387, 0.29934156641370635, -0.3117223441959563, 0.1923789431816312, -0.1505477772705415, 0.17042290407789892, -0.1391155082548613, 0.05168016789107098,S
0.0, 1.1400392372744834, -0.7734389841587846, 0.8582760811925461, -0.4155860984720786, 0.46025362499754063, -0.7316324282909126, 0.5848160351886252, -0.5860108267693723, 0.5771684639400416, -0.4425413435431308, 0.5062088359491407, -0.48805292872256956, 0.3770223396749388, -0.3857498671481031, 0.31736445333763086, -0.20643334693913082, 0.21105203179236923, -0.1915499009327871, 0.07115090042546325,B
0.0, 0.8677433451864488, -0.7154371002706392, 0.5675402681887836, -0.4071872272309477, 0.6569396135013882, -0.6138651023317067, 0.4037716010582898, -0.42773883344714025, 0.45649501245162527, -0.32312569558479237, 0.3801471402556455, -0.31353915566817603, 0.3639867152589468, -0.27821492061743297, 0.17490005568372177, -0.20585202112341386, 0.17602595683268216, -0.07876647374680164, 0.039048360933065955,S
0.0, 0.6653155256252312, -0.2656743337353055, 0.13377240446017677, -0.3795623398202246, 0.22048967275445133, -0.4712124118841235, 0.2865883727786729, 0.09546929030014054, -0.03654930440770505, 0.0336307673197687, 0.15541095391376328, -0.26281782022317324, -0.04733854568749556, -0.05897374504064689, 0.21246360245978282, -0.1475381796234293, 0.16920543264438134, -0.13024055984861363, 0.0445150073388986,B
0.0, 0.6021339945988633, -0.23248830996760889, 0.10821049625810784, -0.14868478201236335, 0.1807300182063107, -0.3201268881461802, 0.14087974558040695, -0.020891045858184187, 0.13744274966872252, -0.11259114398054189, 0.13831587046754928, -0.11096862427692387, 0.029025402002848436, -0.1859364638446861, 0.13582625673298124, -0.08884042217952581, 0.11118737258478968, -0.04889187521660248, 0.03286261159513849,S
0.0, 1.693935168159847, -1.2064837428822963, 0.6896076010713815, -0.4887757543448829, 0.4511396467932415, -0.46006389378575385, 0.4598330403358711, -0.4674491452125683, 0.4336880126673304, -0.44523305727916207, 0.42989799257977185, -0.4152237794784075, 0.2782037312653237, -0.2795739309603148, 0.3587156267724375, -0.33957242542483396, 0.2943478757937804, -0.1891975266395796, 0.048512508724949915,B
0.0, 1.4673609176307518, -0.7459515144372675, 0.26066401070885387, -0.16483392498306076, 0.3931178749603781, -0.48809658936003014, 0.27453475941290445, -0.2362421856486992, 0.34419704495459463, -0.3422936002335286, 0.24757179981814073, -0.22894604418223605, 0.30246574402457577, -0.31837854630826723, 0.20002454285925617, -0.1536338439087586, 0.17096312829524432, -0.1360914358175909, 0.04786926502769795,S
0.0, 1.136269368259897, -0.7794905932902155, 0.8695234032343566, -0.42665757293196327, 0.46671628991282677, -0.7307694448606428, 0.5926559289257485, -0.5952913740573077, 0.5825230994037689, -0.4479036700195273, 0.5111377797036921, -0.49397274982379696, 0.3772072548681436, -0.38534665447239136, 0.3211108271288166, -0.20784273203314482, 0.21122420385516083, -0.18899967060053838, 0.06848574734491526,B
0.0, 0.8637859711169945, -0.7124198069588291, 0.5579826365241275, -0.39556397069972943, 0.6505577174652879, -0.6128596570007425, 0.4010945868976856, -0.42333481655129573, 0.4520805335311436, -0.31856772254491705, 0.3766061988303415, -0.3055286224886395, 0.354898307933174, -0.2716079731087276, 0.16826399993256935, -0.19906903400287285, 0.16889667682488738, -0.07094745891219456, 0.03627177089294487,S
0.0, 0.6952648968900733, -0.2555639975434598, 0.1498594256610811, -0.3931010564140641, 0.23402307292749447, -0.4984695434418426, 0.307077093842547, 0.08267788599686231, -0.026718972323147676, 0.027614098719992732, 0.17451482714718058, -0.27174411817325816, -0.036860398189752085, -0.06096195008934744, 0.22284328745257978, -0.1560001961141929, 0.17895731882968294, -0.14729820398315852, 0.04896359697755193,B
0.0, 0.6037099601170134, -0.23130384043452498, 0.10752648546320968, -0.14622833013575265, 0.1852318682690419, -0.3220431004873377, 0.14067682847880783, -0.019680596704998977, 0.1380072518516274, -0.1070449181133666, 0.13210583530664952, -0.10536301247424883, 0.0244332639143285, -0.18271162041810107, 0.13460510124982478, -0.08998952126437189, 0.1095942096562309, -0.04420109909252118, 0.029239328663348125,S
0.0, 1.6960961647968256, -1.2136091451272755, 0.6999349937271591, -0.49707070477482956, 0.45208370010415094, -0.46066744120552366, 0.46642873979846106, -0.4761925526489947, 0.43782390810363936, -0.44615611675691563, 0.42980840959572963, -0.4108396535219686, 0.26902531205048263, -0.2728800590426682, 0.357273322885339, -0.33957425012687975, 0.29406149812372406, -0.18980994368180115, 0.04918266517077508,B
0.0, 1.4643883391903996, -0.7401333250583516, 0.2555965583313048, -0.16190107629528946, 0.38685556656006104, -0.47737255574618087, 0.2683554368286435, -0.23302973699152246, 0.3396463165912906, -0.33527743068402244, 0.24049109438248603, -0.22356595090023718, 0.2966588381410995, -0.31678754437495665, 0.2028167673660455, -0.15692114460241172, 0.17472918010023875, -0.13597936941458102, 0.04728096659361663,S
0.0, 1.1689089156474495, -0.9414955215999183, 0.866960588332, -0.3940056694474369, 0.5719336396873723, -0.7281556703952745, 0.663806515667702, -0.6627549294129325, 0.6541962315915365, -0.4882532890451133, 0.48622441387346604, -0.42678492507799887, 0.36341580543047264, -0.3943745686711008, 0.30016864475532484, -0.2077475948954363, 0.20788784094182816, -0.19308621061324888, 0.05636109018988389,B
0.0, 0.9306414611285281, -0.7966776514465519, 0.741971207378177, -0.5410479431841703, 0.8440992361954761, -0.7249115053549795, 0.6072630988406644, -0.6089451564879667, 0.6511210613099535, -0.49606285852624665, 0.5157627268852193, -0.3880397293012582, 0.3548261080175483, -0.3293580601291757, 0.17388302180378779, -0.21941934786003006, 0.1584406269479585, -0.07746427993815494, 0.0456103154837485,S
0.0, 0.8156326646074006, -0.052614431319184286, 0.31384134815707365, -0.3593252190328295, 0.15129722331518167, -0.5019024032313912, 0.3099250922164097, -0.03793231064923376, 0.09843180774202842, -0.05400811134738612, 0.19777997358682187, -0.2789083247589781, 0.0017874756866405159, -0.13101149257345315, 0.2509684483491282, -0.18070764563953484, 0.13450371692820878, -0.10531545071122204, 0.030744111569109552,B
0.0, 0.659298416185964, -0.2891997688255174, 0.08039958119711824, -0.21960427302357816, 0.18136581343735478, -0.35824331398203313, 0.20566177928991025, -0.06110805236471893, 0.1099919253917211, -0.1139156814498145, 0.17579553434521583, -0.17910946177415857, 0.07540732607699373, -0.14360425907948615, 0.1486121215848166, -0.11138460987892178, 0.14204632936896266, -0.08402914687807855, 0.03469468162254389,S
0.0, 1.6520469828217206, -1.1956377330554828, 0.7730499252879327, -0.5715210535231501, 0.5175167631244415, -0.4947493361394969, 0.44631406827622816, -0.4514384387907697, 0.47015656164857617, -0.5091734307956324, 0.5087749491192285, -0.48844688597363517, 0.33224254482837023, -0.29166544007424555, 0.3130923627425077, -0.22922013441437405, 0.15653267129822426, -0.12704555163449469, 0.04619160340011007,B
0.0, 1.5432373782313378, -0.8759683311794627, 0.26601627016406626, -0.1873153306717372, 0.4498894218672106, -0.425412896609611, 0.26148043158012707, -0.2871339971241657, 0.38696436868746026, -0.33867192000495866, 0.22922342314674687, -0.29373321467379476, 0.3877291662679356, -0.32726633030344143, 0.16820006717380212, -0.17571890349552002, 0.18393069029570683, -0.11768748691132613, 0.05273526477750385,S
0.0, 1.163276474361151, -0.9395121749385286, 0.8640502633265476, -0.382714214466715, 0.5561094520827307, -0.7095886522486893, 0.6471250467763859, -0.6475221061751347, 0.6375669407594784, -0.46968387437174847, 0.4698007521760639, -0.4125000396286638, 0.34818972378069213, -0.3829469885274712, 0.29332744737157457, -0.20176971332872176, 0.20224699439550295, -0.18821235800528988, 0.05438890725870122,B
0.0, 0.9250064682524824, -0.7900782614472269, 0.7338195228808938, -0.537099960692746, 0.8342226183527559, -0.7102704066911587, 0.5912086446658664, -0.5909056854314313, 0.6346705997291402, -0.47731796133838317, 0.5007454119721939, -0.3735651673209332, 0.3412869465558393, -0.3167596484770565, 0.16339673920217065, -0.21166385417994302, 0.1508398188075044, -0.0722858577501003, 0.043066366541616635,S
0.0, 0.8090757405083391, -0.03784949557367922, 0.3041909738805211, -0.3526611767486903, 0.141353016942565, -0.4953299626460908, 0.3011423484758518, -0.02503322546174137, 0.0878497969589536, -0.044477419391281955, 0.19048233022423888, -0.27301559015639876, -0.004033675734673853, -0.12714824270156797, 0.25066915849488214, -0.178589261236746, 0.1332264650348687, -0.10417142134376066, 0.030249986590394875,B
0.0, 0.6383945609023254, -0.2571987773408047, 0.04488120080020436, -0.1873206303808398, 0.1493026359831321, -0.3299390787134416, 0.17688246276070768, -0.032179096392730096, 0.08330137599065275, -0.08701748032669787, 0.15172200333448793, -0.1575115683888324, 0.05309469154678837, -0.12490414691371544, 0.13463252815112506, -0.10018002119545821, 0.13190984718538154, -0.07505652113600045, 0.030795139323155914,S
0.0, 1.6425232061301844, -1.1800184090037291, 0.7600548921702585, -0.5581034240649019, 0.5144862708336145, -0.4961678804848327, 0.4410651760978502, -0.4521986938235201, 0.4702386964895317, -0.5099793500414525, 0.5109103827877476, -0.4808783264914581, 0.3238515368660664, -0.28860903774600677, 0.3058224003752246, -0.21695465258129631, 0.14491737300194377, -0.12132998346663847, 0.045593985015058784,B
0.0, 1.5303592761348632, -0.8485997760446798, 0.2390818304089763, -0.17073966834234655, 0.43619833495509813, -0.40557901288075465, 0.24391638869889407, -0.2724326033599472, 0.3707796937047622, -0.3205718863622371, 0.21351128014922122, -0.28485251598228095, 0.3794199441745483, -0.318304046500912, 0.16043670776710298, -0.16909804397748185, 0.17889910405903547, -0.1121197127431172, 0.049264705682533855,S
0.0, 1.160446306635033, -0.9346861400749326, 0.8567481272734172, -0.3659180443793889, 0.5421118148841031, -0.7028983411342257, 0.6397400864651599, -0.6412867068012225, 0.6326968320595977, -0.46326854196415923, 0.4634729882925131, -0.4063272256840296, 0.3422605523714121, -0.37962296802647866, 0.29114806039235896, -0.20060288700492462, 0.20336193467819558, -0.18989377206649738, 0.05522506871403078,B
0.0, 0.9245979636764339, -0.7947285345243176, 0.734371046045442, -0.5374145589008771, 0.833665948121206, -0.7047095146381327, 0.5865789251151021, -0.5881569682102153, 0.6306112664425773, -0.47163879520935287, 0.4973216639934247, -0.3669831210600742, 0.3351341824515735, -0.313240236035826, 0.15947754247783247, -0.2072537584357979, 0.14829237618392277, -0.070805593309842, 0.04174279332524302,S
0.0, 0.8104579167627096, -0.03649928841203476, 0.3053051987278195, -0.355170435765398, 0.1401393158123026, -0.49906190027826164, 0.3058153195970032, -0.025399973119195184, 0.08744624617588945, -0.04370893219049355, 0.19316505029889613, -0.275535365313957, -0.003707610077297758, -0.12983998906392918, 0.25558449243889086, -0.18253785307266795, 0.13796988225799597, -0.10747813314572528, 0.03170381198263517,B
0.0, 0.6365856248466367, -0.2563552937987918, 0.044094834719824436, -0.19091869081814905, 0.15632165473075813, -0.3379574988935006, 0.1822545559724121, -0.035951730266860805, 0.08631191949106493, -0.0891788091802119, 0.15380910202685727, -0.15900126335540168, 0.05239312892351135, -0.12712025306579525, 0.1359361092002816, -0.10144587943008235, 0.1337446551867639, -0.07274719214787664, 0.02806101400228905,S
0.0, 1.6529419231355413, -1.2061792663998259, 0.789895139473484, -0.5695336016019861, 0.5172677104066505, -0.5049404071454952, 0.45132981894353835, -0.46263886025644735, 0.48240243084970347, -0.519042656804206, 0.5111803751199121, -0.4830496624989728, 0.33429337382669205, -0.29661668083259035, 0.3109346914001185, -0.2243054024820944, 0.15279614206156145, -0.12592229880977496, 0.047327883752241014,B
0.0, 1.5305259228635433, -0.8560415552716367, 0.2512035898084213, -0.1841839887529554, 0.44413651557795397, -0.4087792248026324, 0.2489248020624178, -0.27322340801729844, 0.3738574947054488, -0.33025718154506856, 0.2207400747725436, -0.28153541258262915, 0.3706453882402664, -0.31669605606964446, 0.1648020443505263, -0.16664885777186364, 0.16946854563287603, -0.10712354217315119, 0.048855325691706405,S
0.0, 1.1592417077134132, -0.9374030630771226, 0.8573374244715918, -0.3599642851913022, 0.5331945209416815, -0.6925792107691691, 0.6327181607167435, -0.6349161135725734, 0.623698330644827, -0.4537305205632549, 0.45821477315515163, -0.40191832825390694, 0.33499556368966016, -0.3718947656992995, 0.2860038717436425, -0.19667225310308709, 0.20119866666713526, -0.18930646610147087, 0.054033970779494254,B
0.0, 0.9239455119148914, -0.7963852078369545, 0.7339271500774165, -0.5367406383690281, 0.8359568960116806, -0.705081678062685, 0.5842322960496009, -0.586146117705899, 0.6305537545722338, -0.4705628812533726, 0.49742636665682927, -0.3662807099919336, 0.3336416880708082, -0.31218125329162805, 0.15906664108119317, -0.206394285192642, 0.1488085841755965, -0.07115933522346667, 0.04095190196395845,S
0.0, 0.8106075505945038, -0.035326641075566226, 0.3029708878091297, -0.3524143659801468, 0.13774212495198637, -0.495231226644319, 0.30997671653814013, -0.03086488104031987, 0.09261148739905772, -0.04827597915479429, 0.19337452492274623, -0.26951462587773595, -0.003746487110399801, -0.1302097849619154, 0.25181809732226484, -0.18102897680422758, 0.13369361099030286, -0.1013087102940223, 0.029005019658853402,B
0.0, 0.6402762925171082, -0.2659877124940699, 0.049174903735831804, -0.1947371593005046, 0.15727853613896078, -0.3411677400598382, 0.1848982705734403, -0.033148799564573866, 0.08594624810665687, -0.09105843217407969, 0.1561997665631533, -0.1580668416134182, 0.04932036360569663, -0.12442215384427902, 0.13336918788807003, -0.09650638508049725, 0.128454142296578, -0.06944816157251613, 0.029213998204061734,S
0.0, 1.6685654270403671, -1.23189902963739, 0.8049652932531249, -0.5726384682320261, 0.5198367689904794, -0.5173440202687868, 0.4645042334027223, -0.4668179807517292, 0.47989942132354496, -0.5200531289765744, 0.5192798823506158, -0.4976044400632457, 0.35020310296846896, -0.30214205574760883, 0.3116445036165905, -0.23418400776506137, 0.15916598380777425, -0.12339389009334047, 0.04663421500492474,B
0.0, 1.5263198608130415, -0.8514378605038689, 0.24881756903031463, -0.18211103736418646, 0.4453606352313156, -0.4162283087908667, 0.2530376461329587, -0.26041994629585796, 0.352947872033209, -0.32219908251973717, 0.22966702611829856, -0.2955726209509412, 0.3777417848354277, -0.3169829132984873, 0.16408775980994195, -0.1671541708621328, 0.1768153052288218, -0.11820000752022594, 0.053445649523254264,S
0.0, 1.1587909907559932, -0.9415996754936371, 0.8627554792492708, -0.35436666063262884, 0.5230173752443469, -0.6844926836952677, 0.6326899619699762, -0.6373528304598018, 0.6222243017787215, -0.45050399997809415, 0.4568810946806878, -0.4009141743232233, 0.33184757395760944, -0.37099561558304844, 0.28572388061561577, -0.19485952640074142, 0.19948855926919346, -0.18961433918139015, 0.05499421032766563,B
0.0, 0.9248702057308688, -0.8027141968536179, 0.7352279792710035, -0.53634719593766, 0.83643847316303, -0.7040706039992456, 0.5825263677214512, -0.584135898936586, 0.6275029595933757, -0.468369457169112, 0.49785678407336376, -0.36375181941499973, 0.33097282242916626, -0.30953062598910497, 0.1580334048866961, -0.20608276240293705, 0.14716978039722886, -0.06996623616674817, 0.04045929271666743,S
0.0, 0.810595303372167, -0.035894884652822374, 0.3032270400890776, -0.3511320110909739, 0.1353585299075124, -0.48819628024455486, 0.3048112338494436, -0.025346838086650985, 0.08439085389006915, -0.04231362365547222, 0.1826769470757197, -0.26152982411076303, -0.0077929787432707886, -0.12502235896373626, 0.24288557366269467, -0.17612474635719289, 0.13052930686010997, -0.10439990088664707, 0.030806574793779143,B
0.0, 0.6353910385402926, -0.2670972826304799, 0.05506536664286635, -0.19629317202679708, 0.15562654291467765, -0.34113436308275735, 0.1861522356136719, -0.03210005181202777, 0.08659834444221821, -0.0961108349945701, 0.1574057223942099, -0.1605051584799017, 0.051391110336223594, -0.12432291887206091, 0.1330792505519684, -0.09629039455539805, 0.13240187079140997, -0.06858698132927012, 0.02681695762095907,S
0.0, 1.6716680104062418, -1.244617132034379, 0.8230670127832082, -0.5865538208007007, 0.5232289860383016, -0.5174017572527949, 0.47296957034944564, -0.4758774451463022, 0.48218308522928593, -0.5207939773719806, 0.5241658203263413, -0.5048182445483028, 0.3505539450521666, -0.3016110954084696, 0.3174241285462015, -0.24206516680283305, 0.16508210149492641, -0.12355970992817027, 0.04500531066030076,B
0.0, 1.5226208031799997, -0.8474040686228502, 0.24963883057559963, -0.1887515515424674, 0.44982962332472454, -0.41516742765085307, 0.25692235658554446, -0.26351560241061794, 0.35360880624786123, -0.32030326202818754, 0.22160330390178992, -0.28824362939732395, 0.3704734050029142, -0.315018880631221, 0.16844775938848108, -0.16912419656621586, 0.17800190564678772, -0.11933122853294897, 0.05279225901034076,S
0.0, 1.217536381570653, -0.973662676934763, 0.9297354345968601, -0.41874632206148293, 0.5779812356285612, -0.7822792895357562, 0.6643869900262535, -0.6373075235180355, 0.6178266325760828, -0.4929841308944077, 0.46599972024414366, -0.4638747585535885, 0.36644700956676496, -0.37172428928725004, 0.33666566384048324, -0.26326305371358655, 0.2701385126866077, -0.196446908268642, 0.05447127316004291,B
0.0, 0.9632767967982327, -0.842636713579258, 0.5955403473301161, -0.3678115116188911, 0.6729002702249859, -0.5752436110341616, 0.44327302799407164, -0.38921008483264474, 0.5261804409416784, -0.37627991357047436, 0.4172604091210124, -0.2852817531558392, 0.35245192196726893, -0.35441055739791116, 0.15983755335128183, -0.20975554930315843, 0.19239611273620194, -0.10912194283857268, 0.044222207711711495,S
0.0, 0.7807186705660915, -0.22870192971563075, 0.3373368023438296, -0.2929070851319511, 0.2207265691997572, -0.48761180793778514, 0.2949173900759581, 0.010480536286034492, 0.025688196442756526, 0.013415556251859386, 0.21108507514032976, -0.32836514444502357, 0.022218136948207998, -0.11393104316354889, 0.23230477078154993, -0.1929045364613964, 0.2117527199282181, -0.15147761522695566, 0.041044958709194314,B
0.0, 0.6028296038565815, -0.2845045352900289, 0.11202027899902642, -0.20218944380548515, 0.257860638243075, -0.38968484240796464, 0.1836870499094011, -0.06965006970487223, 0.13375856874179196, -0.11013254016589243, 0.21177445327658104, -0.1313116632412644, 0.05923199876896794, -0.18854284600121182, 0.11714219669957261, -0.07416448534115574, 0.12458606939591045, -0.08060776457911216, 0.04987575456598274,S
0.0, 1.708128122126514, -1.3328589929160821, 0.801570692081848, -0.4723381116452673, 0.5540475850019446, -0.6166854102027491, 0.5176082557800639, -0.4648496252205137, 0.4463447777888994, -0.45400363331056326, 0.46571824568703585, -0.44799161339457905, 0.3086222355439354, -0.3168544809952276, 0.32992075551344735, -0.26745627320636517, 0.21279905114484227, -0.11097308400167903, 0.016849072328548223,B
0.0, 1.5401659126271308, -0.9571762476988035, 0.48260427439288195, -0.2537856362344415, 0.4445383513173467, -0.5910972019924194, 0.3150497679672872, -0.17407505148061725, 0.2761345990909178, -0.2969899882582933, 0.23995085102235789, -0.2222385535527186, 0.2353736894184759, -0.27606717625802, 0.1846256898334624, -0.08851405544095235, 0.10387305878113313, -0.13830887903105668, 0.08357626334300712,S
0.0, 1.218386908374506, -0.9795490534941291, 0.9318403844757572, -0.4114423057691373, 0.5674955266125993, -0.7745643629271898, 0.6604489325098187, -0.6301982142499831, 0.6073529656515066, -0.48307505377468263, 0.46013990494507523, -0.4599813753943696, 0.3577187041423837, -0.3654485505896189, 0.33524188151464496, -0.25945245157701713, 0.2667655227473627, -0.19365219285973653, 0.0527374959771993,B
0.0, 0.9555035556403435, -0.8417605307163164, 0.5921547794407972, -0.35566083428178763, 0.6574142700724526, -0.5550467575853218, 0.4247855447856647, -0.3722861637992598, 0.5101020905161577, -0.356302625532029, 0.4008754679776904, -0.2715296022942045, 0.33689943950439677, -0.34306168092762646, 0.15287581826974228, -0.20288785648338115, 0.18570620428305032, -0.10432483614177221, 0.042583062194217335,S
0.0, 0.7705363343484849, -0.20988188415021544, 0.32194614723993553, -0.2750053301573842, 0.2013267300142835, -0.4761418469920848, 0.2805011829485567, 0.026212184336314726, 0.012163999524328752, 0.02643426796092524, 0.1991371197507574, -0.3181718687032259, 0.00866951082257112, -0.10659706289974366, 0.22734128995255454, -0.18822017899673718, 0.2080445459267987, -0.14606931462544998, 0.03666543704988557,B
0.0, 0.5837281294755436, -0.24672892118105208, 0.07372379911737256, -0.169126594423165, 0.2302345257524999, -0.3611234777710907, 0.15218728179475727, -0.03681498636960485, 0.10106862329557234, -0.07858296795610435, 0.18283515378901202, -0.10395307623359815, 0.029488360547669235, -0.16456006589492975, 0.09945525472454303, -0.05867741937891076, 0.11186403431231151, -0.06919558313175536, 0.04438859326632223,S
0.0, 1.7055163441515124, -1.32617334624038, 0.7925484381748752, -0.4667507536982455, 0.5499052447386678, -0.6078373619470501, 0.513921307544724, -0.46637749878105333, 0.4450359950549573, -0.45338906952628394, 0.47131603902580266, -0.4571481782649665, 0.30973738337849444, -0.31260148830528517, 0.32996987396012223, -0.27149599545832387, 0.2178531557976272, -0.11338248219469038, 0.016652184963060323,B
0.0, 1.5151637767873045, -0.9034941406020269, 0.42656841457878014, -0.20762519572319232, 0.40264560649167286, -0.5432052490157011, 0.268876544643692, -0.14117189601348515, 0.25427054202153443, -0.2798727813092193, 0.22806158628597184, -0.21548411144380122, 0.22709430561023375, -0.2677156828380792, 0.17721952703995972, -0.08043107840689624, 0.09452942410354903, -0.1269339205749917, 0.07774928421763985,S
0.0, 1.216071043183108, -0.9776376055168297, 0.9276327186802035, -0.39707811343611066, 0.5543545125363358, -0.7686471985641417, 0.6536747306596269, -0.6212645582781865, 0.5990261855749677, -0.4743106388929319, 0.4557099140418166, -0.4555405783106662, 0.3529812143097493, -0.3633297309377084, 0.33400998415611965, -0.26035498165538656, 0.2688843738215173, -0.19533896461042918, 0.05279763913015267,B
0.0, 0.9535650893295962, -0.8497795350477997, 0.5976355395917096, -0.35506413153668, 0.6552318311263031, -0.5520276297313349, 0.42509337118826207, -0.3721389436104072, 0.5076982451553042, -0.3526457523828175, 0.4026342266719549, -0.2723234804247625, 0.3365015458758284, -0.3451437277478566, 0.1561105075244025, -0.20450197541275128, 0.18689653279003302, -0.10492398112537897, 0.04235906727807708,S
0.0, 0.7891840468879916, -0.2189002469529515, 0.32545985202701894, -0.28743597483574773, 0.21429073443000068, -0.48544118387548263, 0.28654455839871645, 0.016643308795696386, 0.014825307686711598, 0.023257107313242636, 0.20115816786610757, -0.32189032329257017, 0.013850049649325562, -0.10783500976821035, 0.22794533669686642, -0.1861518561333662, 0.20661653779419148, -0.1482730331804126, 0.03563105615095863,B
0.0, 0.5777823200833153, -0.2539838159243267, 0.08159672448202653, -0.1790941321303663, 0.23639920986733073, -0.37106793802885496, 0.15947625446772934, -0.04193516540692488, 0.10669509390772433, -0.0813432382399254, 0.19343377889557806, -0.11189119728020369, 0.035036774437653656, -0.17100710241280942, 0.10398208766347178, -0.0641206449382898, 0.11920352353114613, -0.07286851998655555, 0.045839104708812785,S
0.0, 1.7231642851393933, -1.3654603998780517, 0.82803488635863, -0.4766297446376426, 0.5457009980073018, -0.6130252965166061, 0.5280541133224985, -0.47753316731506873, 0.44932451187664707, -0.45504128576708497, 0.4721134942549507, -0.4583295846859137, 0.31189857686779177, -0.3184894843451982, 0.33776652042166083, -0.2728666365607727, 0.21232509539475988, -0.11092846847299193, 0.017318044611625213,B
0.0, 1.5213662400899808, -0.9208136886506417, 0.4531103338787437, -0.22782560901092994, 0.4095160860315239, -0.5565202990497916, 0.29813527923377936, -0.1734387372713503, 0.27158429611799245, -0.28734709160213573, 0.24265050373150998, -0.2381154762194312, 0.24414910251747562, -0.2717218434625413, 0.18287681545426632, -0.0905346489053537, 0.10465158165146574, -0.1363316425163122, 0.08070762239172967,S
0.0, 1.2193719762445674, -0.9877717058489834, 0.9371832895926515, -0.3978891536691659, 0.5506126188870157, -0.7673318642093047, 0.6579096816776071, -0.6280067968749093, 0.6037326834935042, -0.4758512991223113, 0.4570901934790511, -0.45917429839184853, 0.35483314521641407, -0.36658952406738377, 0.33705166286420973, -0.2602653496118933, 0.27006263185516544, -0.19756447291595672, 0.05371692631295708,B
0.0, 0.9539017013411903, -0.849575982402443, 0.5961148813204573, -0.35368084642897313, 0.6545181311599716, -0.5510499060022132, 0.42399111610596024, -0.3715080563849835, 0.50825500148242, -0.35310633565968624, 0.40160960173787885, -0.2702275242851906, 0.3356768103695597, -0.3454457995673761, 0.1571924175716178, -0.20450613757351557, 0.1856223409017858, -0.10512773630650055, 0.042505990920554425,S
0.0, 0.7787218740026093, -0.20826155951193345, 0.3155383558976717, -0.279678242880063, 0.20903348159606416, -0.4789829110039464, 0.2842531899432004, 0.013379417971822762, 0.015595150571794397, 0.025299378436784294, 0.19731050035965542, -0.31039390082708407, 0.0074746596253769115, -0.10656391527864002, 0.2233826714294121, -0.18015637886518818, 0.19880867216513792, -0.14001991791063545, 0.0341940788128508,B
0.0, 0.577853029083347, -0.2543473268915972, 0.07994253341130565, -0.18320110303290438, 0.24142018627726233, -0.37347926797252723, 0.15770100778340088, -0.03902590274672845, 0.10208180038682826, -0.07769867280138819, 0.19376070787405722, -0.11518484696904172, 0.033994780278725885, -0.1722749560750645, 0.10140400775251308, -0.05679444996975096, 0.11339212207067319, -0.06894520410610354, 0.04391086391920483,S
0.0, 1.7281666795579984, -1.3628761562593772, 0.8252605718513459, -0.4878683184351977, 0.5515771036482178, -0.6107112665388413, 0.5252554735937208, -0.4800506894362765, 0.45618982629112736, -0.46207780860088143, 0.47555232541341513, -0.45959515638841414, 0.31286012954908204, -0.31815012377573265, 0.3333333513936977, -0.26585457552493424, 0.20707639589433, -0.11012834369235522, 0.018705248389376698,B
0.0, 1.5110094670008594, -0.9134051919203469, 0.4575900792543706, -0.23371316370388173, 0.40216552320264487, -0.5426297657128353, 0.30022962616238896, -0.1806991276089073, 0.2673852663654728, -0.2749853000342087, 0.23593933817703958, -0.23421464498563105, 0.23322180831131062, -0.2661138775354817, 0.18902895865842054, -0.10166585497071177, 0.11118492948373906, -0.1319442487956982, 0.0758658515128556,S
0.0, 1.2156143640240507, -0.9754382514979812, 0.9275563860685452, -0.37481861776909253, 0.5325080702920825, -0.7595833222247305, 0.6436477024098352, -0.6162032613436345, 0.5924939694247283, -0.4649587216245837, 0.4437818881935737, -0.44942337104256835, 0.34797302530311225, -0.36005731745747677, 0.3328584102895665, -0.25870122245006916, 0.2710082272684949, -0.19874716616845967, 0.05528915870002794,B
0.0, 0.9518796210686522, -0.8580737461082901, 0.6022948799398727, -0.35403994412228246, 0.6499422388515731, -0.546004789568514, 0.42425493910551365, -0.37029734453567364, 0.5079825245072604, -0.3491954899233088, 0.4015455603205252, -0.27271201902759107, 0.3363545811459214, -0.34588877595796136, 0.15973663560691428, -0.2065320908301438, 0.1860333213232085, -0.10612957476969942, 0.04258850432274261,S
0.0, 0.775855907293355, -0.20723055807462917, 0.317454039212717, -0.27974270234022613, 0.211343914400469, -0.4834145248354294, 0.2923138655369752, 0.009416920528593983, 0.017202606081669826, 0.023334057955113043, 0.20500235977032683, -0.31449535419932945, 0.008372425446351485, -0.1048949062952644, 0.22152923264319827, -0.17822561955950522, 0.19972027511163232, -0.14321456128466242, 0.03643038788176773,B
0.0, 0.5938587498082925, -0.2441295126288033, 0.08325824974716485, -0.18509897671424302, 0.246244602477009, -0.37043490823988406, 0.161028219500601, -0.0359126476880434, 0.11020687338244747, -0.0840283231386905, 0.19531756205021927, -0.11605058026961874, 0.026075584864757965, -0.1741451692165094, 0.1055096064576189, -0.06378728609641353, 0.11995623358407352, -0.07867497967702439, 0.04317164217284333,S
0.0, 1.7259748269018715, -1.3627340844060358, 0.8321633953124662, -0.495186162024968, 0.5507299680826612, -0.6045900252375541, 0.5305347842550086, -0.49213346463265434, 0.45446442562781486, -0.4556781983099369, 0.4839746922495743, -0.4741276055861579, 0.3139510210577491, -0.31066409111552945, 0.3336601156221465, -0.2732372841357756, 0.21008012916469926, -0.10681056430221068, 0.01589571018400888,B
0.0, 1.5192272297021812, -0.9258493819256405, 0.46664496810372574, -0.23707099289991365, 0.4041721640910768, -0.5468426880774286, 0.29986304885171405, -0.1771739122129572, 0.266619913098197, -0.2797825893464593, 0.24006496225469032, -0.2383274096602868, 0.23942584923318816, -0.27077564114085584, 0.1927592970288185, -0.10462464767335593, 0.11357374963407318, -0.1364970947260061, 0.078720916370549,S
0.0, 1.173724579540448, -0.9585211951712713, 0.7765037623154348, -0.3830434691825097, 0.5386263056926318, -0.6231780402470565, 0.6449884750380048, -0.5417807526397601, 0.5662550203921285, -0.4604407614472964, 0.4566640584989956, -0.4139241807333757, 0.3030487051987961, -0.32583516163033643, 0.23903100957518109, -0.22159712259600106, 0.233746846392638, -0.18569823572143823, 0.053388871100951404,B
0.0, 0.955598476834065, -0.8286568953845188, 0.5145277037116237, -0.294785546186151, 0.7485798216962235, -0.5941527137232637, 0.5578619920098552, -0.5022526281326651, 0.5086246488362745, -0.42606697433749946, 0.49102044785324117, -0.39320871509755256, 0.39267338600734375, -0.3118306738344797, 0.14417001207676033, -0.21423414317467718, 0.19386403624055154, -0.1319674005976394, 0.05980545401857538,S
0.0, 0.8004877679319017, -0.2563682586205849, 0.38223950050931155, -0.3240158350185267, 0.3480136532535803, -0.6580308103691265, 0.33456917841622985, -0.103980186094219, 0.21183196877355173, -0.06885272134762577, 0.24127046219771897, -0.35992259422098427, 0.009403737829364012, -0.1570379828815784, 0.24145713595242546, -0.1604188030641491, 0.17111819150218524, -0.14378992066199933, 0.04563696767583855,B
0.0, 0.6702067512575818, -0.13503609376235343, 0.22546760198940613, -0.1838398682345792, 0.23385758293334066, -0.370633714189786, 0.13220961002462425, -0.0679486507790146, 0.13857209439957252, -0.15035788685029722, 0.1605695978576497, -0.13132775785898548, 0.09422486987372707, -0.17281241037712375, 0.12324397385557868, -0.10891009170567408, 0.09144091086211378, -0.07097198935439893, 0.03235051594175112,S
0.0, 1.9160301592620947, -1.5528015800143702, 0.6439971252168539, 0.06654961113719943, 0.056892191961771935, -0.46686750534248045, 0.45271503214432274, -0.3607737266863604, 0.3650698507560385, -0.3077727810407064, 0.38664899433149785, -0.5325828743853568, 0.4137303236339082, -0.24140376198248314, 0.17830514712267725, -0.20545160165824383, 0.21094817988867737, -0.13655909001179303, 0.03614212995817831,B
0.0, 1.6283238003454792, -1.1829118044846654, 0.5411713622207949, -0.19460697775068495, 0.5328450741871144, -0.6294884625434592, 0.3307036445527643, -0.17725626557108998, 0.2736994179237917, -0.3262412084159367, 0.22620477494881766, -0.18607563587696818, 0.27361650300978224, -0.3225292300101787, 0.15922097325107834, -0.0687663304756937, 0.12636214114856686, -0.17086940473462162, 0.08084876259677375,S
0.0, 1.1710813683109966, -0.9601560469042028, 0.7759840874752929, -0.37731739768290173, 0.5295657216114972, -0.61051480449729, 0.6359653892496419, -0.533489121262609, 0.5576224532142862, -0.4508188310491784, 0.44961387540880926, -0.4079423308622806, 0.2954787798066832, -0.3221781861865383, 0.2385993820758831, -0.22207089299128904, 0.23487463929370717, -0.186178549822812, 0.053034099715123593,B
0.0, 0.9472669137375891, -0.8238908404317199, 0.5048747819350439, -0.2761251466130741, 0.7286159008926575, -0.5719485858282592, 0.537159137040407, -0.47775107284315665, 0.48262992232537394, -0.40067793967289894, 0.46969411482005374, -0.37354737817708034, 0.374950713020668, -0.2975685222943475, 0.13193929884270297, -0.20329797878897346, 0.18514159109739636, -0.12640179711718622, 0.057345319416471856,S
0.0, 0.7917824745319323, -0.24691024217525695, 0.374742429008981, -0.3169148901822483, 0.34196282085451546, -0.6514944614974238, 0.3236819394986252, -0.09187997723778, 0.19918159045621364, -0.05741741284812778, 0.23429373195522263, -0.3523930824982496, -3.1879206606942807E-4, -0.15184497743420333, 0.23823577771337942, -0.1552201509839649, 0.165964002394205, -0.13950847814947023, 0.04316159034591385,B
0.0, 0.654573206108709, -0.10327463230073175, 0.1944640207742949, -0.15826933305595162, 0.2122887937038044, -0.34805272806545123, 0.10573176428065527, -0.03945678476850306, 0.1092425703901991, -0.12479587952214567, 0.1362609011690638, -0.11000718603727382, 0.07129007698007178, -0.15247302222723944, 0.10386774564944368, -0.09048607367855707, 0.07645227708664214, -0.05956431883313581, 0.02632783678878041,S
0.0, 1.9092231729555351, -1.5402654884861733, 0.6313043055623253, 0.08052608329975801, 0.03993393266691118, -0.4504873071096091, 0.44490144496161443, -0.35974185733913405, 0.3600674713936116, -0.29816161736428276, 0.383918207519114, -0.536298508987888, 0.4120796271703018, -0.23411335438887435, 0.1727778416815726, -0.20477010904515597, 0.21014321902532104, -0.13110105836026925, 0.03223431950393975,B
0.0, 1.5973304950724552, -1.1183774297877698, 0.4741072087000018, -0.13621876064053903, 0.48080235737136584, -0.5740210074063484, 0.2756584152929119, -0.13187828601529655, 0.2352890498700863, -0.2910996852150742, 0.19551774751268072, -0.1625895635748686, 0.2530716636723162, -0.3022177389146467, 0.1430176202185636, -0.06185031251017592, 0.12428128358489444, -0.16758806744995483, 0.07794995150330175,S
0.0, 1.1690465570671296, -0.9611690497578561, 0.7792579423535191, -0.385254959972213, 0.5365930658720701, -0.615418471145362, 0.642055143887396, -0.540899381898267, 0.5631453479169306, -0.4546247794463887, 0.4526120539657132, -0.4094722642837064, 0.2970775043004278, -0.32375272124389515, 0.24061141350094095, -0.22238808878123956, 0.2350131872151116, -0.18839987417651702, 0.054833508200915496,B
0.0, 0.9470641676312558, -0.8348670407437562, 0.5089219578238041, -0.2734354640686732, 0.7314502668491256, -0.5753409626313227, 0.543452060357736, -0.4820234545615901, 0.4867645440858072, -0.4032649960380776, 0.47394548309333917, -0.3772623031460596, 0.3767080790777554, -0.3000586820049626, 0.1342122247659062, -0.20489488829249014, 0.18670165407873432, -0.12866801510388617, 0.058179693565144304,S
0.0, 0.8155703930268443, -0.2551971202573366, 0.3845058911212577, -0.34165793952948403, 0.34899964845302456, -0.6698495983685167, 0.339242644453992, -0.102906687424229, 0.2072373729514154, -0.06790539981318225, 0.24052120733815974, -0.36118305198596984, 0.011500276567705282, -0.1551741858788541, 0.24582908063769174, -0.16391736281329336, 0.1712837435183183, -0.14354821512974972, 0.04509253225137232,B
0.0, 0.656047335708948, -0.10898275263342005, 0.20096335693130188, -0.16116851612393743, 0.21530321857836096, -0.35465397723269293, 0.10432913831797509, -0.03694367952372004, 0.11067240647909905, -0.12617404477312477, 0.14015815473814713, -0.11490980395890472, 0.07640219070226471, -0.15773289509543748, 0.11056999274297763, -0.09486018508357752, 0.08021093389180149, -0.059754825906509226, 0.024023776308568903,S
0.0, 1.909456950118089, -1.5432989501084295, 0.6340477368862151, 0.08535430568927911, 0.029772835228872457, -0.4448383912209979, 0.44762876065177665, -0.3646808980858021, 0.36174149410892903, -0.29978293234366726, 0.3910946648941502, -0.5435919984558466, 0.41057440123500877, -0.2310845378981996, 0.1765280257992512, -0.21340133574345935, 0.21660220103523234, -0.1315088340447722, 0.030987554398699064,B
0.0, 1.579431285253284, -1.0856877131520732, 0.45489661954949145, -0.1274510721736579, 0.47263923017912, -0.5630662649051166, 0.26511350310969123, -0.12534554719425142, 0.22865108930599695, -0.2890436957612513, 0.19141050901353934, -0.14187962621602662, 0.22312946245507242, -0.27979821095242935, 0.13276719094138015, -0.04743080813648124, 0.0966065453842197, -0.143457888791486, 0.06978602427686582,S
0.0, 1.1676631401422504, -0.9573790317042962, 0.7707319144730183, -0.36470982712850775, 0.5178219394923272, -0.5988937506272376, 0.6247293723299829, -0.5241194301281518, 0.5490353755489069, -0.44179290912033825, 0.4412450352120719, -0.4011749615585284, 0.2898774021341682, -0.31953555260061445, 0.2371425721514627, -0.21857541388056895, 0.23215928586690168, -0.1886937005335013, 0.05585837538180492,B
0.0, 0.9459527998737804, -0.8449130332953583, 0.5124506866688997, -0.26860440162875776, 0.7293435610908283, -0.5731128200401087, 0.5421381835943885, -0.47796462857700506, 0.4833377687563375, -0.40164048620591003, 0.4738476979968015, -0.3759362433291894, 0.37554703901372, -0.2976563287518339, 0.13596557590892977, -0.20825753357737495, 0.18617695671042142, -0.1294210390668314, 0.05949789950622077,S
0.0, 0.8118427217624903, -0.2537973076929751, 0.3791891899682826, -0.32993540826572965, 0.33837135590711404, -0.659050756186983, 0.33110320375807756, -0.09736457689057448, 0.1994024551999201, -0.06159713750181492, 0.23388773228178344, -0.35398160564447295, 0.0058949138759230345, -0.15277494618353848, 0.24535453738498308, -0.1635401381779247, 0.16955586903197847, -0.14235183919178476, 0.04471642827268885,B
0.0, 0.6555821548844862, -0.10450082469077498, 0.19655952720973277, -0.15636201299766087, 0.21510227267597032, -0.3562240115807037, 0.10754288902908186, -0.038380406051007794, 0.10977081452676583, -0.128797824723106, 0.1417543742565264, -0.11517350326234327, 0.07576211959951573, -0.15548025497892437, 0.10977545918533987, -0.0947173239040023, 0.08139613746712812, -0.06423741496405282, 0.027622595141064105,S
0.0, 1.9090022055557114, -1.5503671221903588, 0.6467530674711189, 0.08191804603890684, 0.019596962378593496, -0.4365977100358915, 0.4552281652356027, -0.3730315892207329, 0.3541514908544541, -0.28641676396934196, 0.3909789590707323, -0.5524193704325797, 0.4061999779647618, -0.21677577996451955, 0.16918612088393487, -0.21247148445001218, 0.21251878612789618, -0.1224965184233031, 0.02566273936087038,B
0.0, 1.584208489993017, -1.0998234989336664, 0.46616026476148764, -0.12987771525132674, 0.4699253498020234, -0.5620576685697127, 0.27316152788586207, -0.13075157603940585, 0.22834715867385383, -0.2893511667342703, 0.194827037129031, -0.1466874173220206, 0.22352187193413298, -0.2772944290012135, 0.13057288673947873, -0.044431512409000215, 0.09509984825087021, -0.14412688927514633, 0.06977193626057612,S
0.0, 1.1682725524272768, -0.965934806490279, 0.7764290057273869, -0.3646558383543708, 0.5165493258211277, -0.5993923850778445, 0.6298979508372998, -0.5280062176790725, 0.5529833092849252, -0.443094491528697, 0.44388582395105414, -0.4049854060538395, 0.2899481847973075, -0.3216996723904427, 0.24287906040981996, -0.22199306462352558, 0.23376811386053645, -0.19080600038495085, 0.05665859561543839,B
0.0, 0.9437185354290342, -0.854584631842318, 0.5192113756030582, -0.26885967485492646, 0.7295885352517426, -0.5700527845916049, 0.5424869583877573, -0.47666891589149346, 0.4837723162236935, -0.4034320261663738, 0.4758318501435086, -0.374791904501544, 0.371369432645889, -0.2958010732303077, 0.13493807062428886, -0.20574249940916017, 0.18467978765548743, -0.1283825618242626, 0.0583913089725831,S
0.0, 0.8069446036045034, -0.24862389067374557, 0.37502867182005145, -0.3253789555053942, 0.3330486395534919, -0.6482720675284878, 0.3297806126078424, -0.09970131268669868, 0.19649203561438042, -0.060202787138658315, 0.23021413804719792, -0.34628590838208834, 0.004978102612025895, -0.15227871333702075, 0.24479105338177917, -0.16036966812559275, 0.16314506051243483, -0.13900677846672244, 0.044803601650630555,B
0.0, 0.6571837458892048, -0.10874206631920003, 0.2009342112903525, -0.15683953100927747, 0.2161441606029941, -0.35724609113593775, 0.10666136298334138, -0.03738494369086116, 0.11029217174258929, -0.12637870963550082, 0.13962977681607808, -0.11395322706124536, 0.07431301971889114, -0.15731214731306048, 0.10923743452548229, -0.09437933830447601, 0.07943662072870859, -0.06217788508756543, 0.02378634122879982,S
0.0, 1.90739917270394, -1.5226980711785665, 0.6132682443537449, 0.0891117184167576, 0.019591644013968727, -0.423337074110841, 0.4279101845315681, -0.36196248486435967, 0.35485462294102504, -0.2724612070939337, 0.3694388443498778, -0.5338842433843441, 0.39663048515647914, -0.21624964607168556, 0.17788129437068578, -0.21202393720304188, 0.19849688147830521, -0.11084721504468846, 0.020674299880140766,B
0.0, 1.602922463195899, -1.1573829274718304, 0.528511623687081, -0.154703111229799, 0.45819682643150694, -0.551335805083051, 0.29262366656096184, -0.15670897369046619, 0.23461031390092463, -0.2851838787079316, 0.20656507640421354, -0.17936403161956316, 0.25000263314883486, -0.28853603685366164, 0.14123993251134673, -0.0599639085902135, 0.10728019833639671, -0.1431959344419397, 0.0652429127474709,S