0.0, 1.4142607384628678, -1.1615238254645925, 1.186862368821129, -1.128310022718674, 0.8863516985930872, -0.8096528220710925, 0.8247062676206044, -0.7324724260657088, 0.567840821253107, -0.6390740300124711, 0.6571933886247452, -0.5885095785489001, 0.5278991066070188, -0.6167362076460197, 0.5160459531017669, -0.30438867974883166, 0.37850957407133673, -0.1788031010877338, 0.057923896697955286,B
0.0, 1.3525472887724241, -0.9242672628779355, 0.9100178354070881, -0.9554811773645073, 0.8261538690130833, -0.7956934565051902, 0.8467324285913692, -0.7780569952309961, 0.6341647569701865, -0.60172326913146, 0.6135205382445039, -0.5147321627911066, 0.41539640901440184, -0.42770554198647637, 0.3161862874739611, -0.14260434488593196, 0.1981691061781329, -0.10955362582045307, 0.03852505035368997,S
0.0, 0.8535065143202831, -0.14042505056636478, 0.44609446892770316, -0.8360541272918129, 0.29622849818298724, -0.5114359506554698, 0.7200237163475219, -0.43395503657663803, 0.11420022907236767, -0.3315559554845821, 0.44234822580135463, -0.3062199804050104, 0.05582996581128872, -0.2932634128162138, 0.23833040149782422, 0.012786943006343981, 0.1318993222543613, -0.18616076072031187, 0.05020413145091464,B
0.0, 0.9970746283934905, -0.3908631353591976, 0.7231122801106216, -1.0545632205141635, 0.5707875336871757, -0.8426645172763945, 0.9598611086881497, -0.4956452322678012, 0.24037041634254888, -0.5024395733538032, 0.47063725989309735, -0.24234524317661674, 0.1854608729677472, -0.3270502801115327, 0.0813466023655901, 0.0030787820220433983, 0.21373125969133897, -0.05627297692382703, -0.07046144398659988,S
0.0, 1.9068064334586559, -1.7412065116462323, 1.0754151941779968, -0.6542045442270399, 0.5872993509198615, -0.6017194683286866, 0.6229518950703162, -0.5980428997814828, 0.507049707863244, -0.5190667418325219, 0.5888377170437364, -0.558398049518204, 0.4563744655521786, -0.4567263856518029, 0.31534929097932257, -0.23313108396664656, 0.24295871941797775, -0.14409668732049313, 0.09107471274393439,B
0.0, 2.2712250129770872, -2.384052765700092, 1.688707505265662, -1.2386103674506699, 1.23916617339717, -1.2420141123261583, 1.066001955531219, -0.9176906228683351, 0.8283506367644498, -0.8614618461300693, 0.8205509042359886, -0.6014766074882436, 0.47724990181690236, -0.5793351719882082, 0.5608435331625207, -0.4013333362181307, 0.2590513760184943, -0.07524871440149511, 0.00876888881867467,S
0.0, 1.4099020926800927, -1.1542623873487046, 1.177718264481826, -1.1153653662102836, 0.8706615183221398, -0.7979755504010827, 0.8154666754375909, -0.7195881728442807, 0.5557678103955751, -0.6262227618343229, 0.6483469193684703, -0.5824864287290791, 0.5183776696641741, -0.6080659249612651, 0.5109959847907918, -0.30392397524552944, 0.37787618868610007, -0.17784590751221435, 0.05798324102031996,B
0.0, 1.3502645236639574, -0.9201648667755733, 0.9073320735498196, -0.9515960822299645, 0.8203347667777952, -0.7897906634424036, 0.8418224556371758, -0.7751570913817023, 0.630605893368006, -0.5967666045402034, 0.6071610929703403, -0.5074255934393911, 0.408353951629103, -0.42141587668954705, 0.3112200814954084, -0.13856663890213916, 0.19381870919198843, -0.10386151537376874, 0.03556718806472199,S
0.0, 0.8485952541113985, -0.1284024590884866, 0.4394106577673691, -0.8361648544339573, 0.2852983601684264, -0.5012033753777602, 0.7129637680062515, -0.42355410818782874, 0.09790295925339951, -0.32132065923668035, 0.4343795593355893, -0.29674115302485693, 0.043941372595438635, -0.2885193043585486, 0.23381643912368263, 0.020637001583190373, 0.12982874093623206, -0.18532615885795087, 0.047349792585241586,B
0.0, 0.9807432649501712, -0.35930467335832406, 0.6826310546882136, -1.0149884291777946, 0.5237550338245397, -0.7891956624781027, 0.9094630140480934, -0.44145918794311945, 0.17647209276238723, -0.4483139146877712, 0.4294933518680433, -0.21423497550909, 0.16637295918427508, -0.30710807458008815, 0.06279985104049346, 0.007484172994545341, 0.2101577831682878, -0.0659108810572622, -0.06123938822804381,S
0.0, 1.903229299230288, -1.742472749259003, 1.0865112569994688, -0.6676598748520036, 0.5915403303113584, -0.5969747359175394, 0.6232477859115919, -0.6096217328366363, 0.5171484136401484, -0.5173628977393157, 0.5812341960387563, -0.5552280716008655, 0.45901785494654623, -0.4621570449857808, 0.31871684398569045, -0.23242896559222384, 0.24019364440391275, -0.14222380523908945, 0.09158058516431286,B
0.0, 2.25502004497637, -2.353295331958249, 1.6699672454512873, -1.233374728450089, 1.2287890019348608, -1.2084312156739643, 1.0223396275752998, -0.8846247734044835, 0.8016924779135699, -0.8347053841323616, 0.7880741007735963, -0.5688200637456711, 0.4548751529295477, -0.5699991518087582, 0.5540267035786224, -0.3819032377157237, 0.23398194671062636, -0.05926683259471191, 0.004154765432418606,S
0.0, 1.4191144088068173, -1.1697628295435543, 1.2110996922565327, -1.145839623318793, 0.8962150450256755, -0.8138299830027781, 0.8255572654058682, -0.7248391053256258, 0.5502720269014485, -0.6174457485060096, 0.6365275730881924, -0.5768621639207953, 0.5236265658234783, -0.623329691793928, 0.5291519006269058, -0.3198251717564941, 0.3928417264209813, -0.19017047763524686, 0.06189955826373018,B
0.0, 1.3440694770099582, -0.9129712745249603, 0.8914174351494099, -0.9150319215732835, 0.785764222636685, -0.7637636115511328, 0.8141627420575447, -0.7462768593837134, 0.6041727796929691, -0.5716852119010793, 0.583227649341013, -0.4881660774519557, 0.39521576794095514, -0.4039145172150297, 0.296558950927804, -0.13538389194746717, 0.18684650990661694, -0.09436510690067881, 0.031477035019488515,S
0.0, 0.8482150750560542, -0.13000383385197956, 0.4425220590244868, -0.8407662538223781, 0.29300334545303913, -0.5060321721532253, 0.7152791551263074, -0.43096735182200135, 0.10052904560078767, -0.31559320633621996, 0.4311247814686681, -0.29897641866719843, 0.04407510119437229, -0.2842741481859251, 0.232404956910331, 0.022120785647971652, 0.12464748009637358, -0.1796177527690155, 0.0477814273648662,B
0.0, 0.9961121871021017, -0.394653043785124, 0.7056405680952624, -1.0389747477745201, 0.5612976295191564, -0.826920797741244, 0.9408229553866079, -0.4857617897364578, 0.22513600735230846, -0.48971441810643446, 0.4578074169885052, -0.24695537704660317, 0.19179505898415863, -0.31635062534762093, 0.08090529583851913, -0.004656209629502866, 0.20924477653337292, -0.05765125382369789, -0.06328658785769994,S
0.0, 1.9056427932427704, -1.7378465298080197, 1.0720456258918478, -0.653927882332996, 0.5953126998747121, -0.6198075381868936, 0.6500590047521669, -0.628332967575907, 0.5371941066763736, -0.5461389870567946, 0.6049500931692553, -0.5599832014494911, 0.442425140956028, -0.4370858667145289, 0.29663047653961333, -0.2202831211624413, 0.23806384124354715, -0.14333736356948118, 0.0916371357831647,B
0.0, 2.2362741406322013, -2.32634011308145, 1.6695555843086198, -1.2612707803217287, 1.259704113178909, -1.2298511303937856, 1.0534375460025494, -0.9354633268232578, 0.8511906198457027, -0.8573267904749269, 0.7842156150800682, -0.5603451067401567, 0.44433357129352175, -0.5462344965885938, 0.5213339373702406, -0.3544403689764558, 0.21575063891809285, -0.04807592656792291, 8.675820591818244E-4,S
0.0, 1.4181464129494956, -1.166434482837938, 1.2061939287343064, -1.1419652103320952, 0.8930387679248324, -0.8084956427444712, 0.8191245475946092, -0.7200125943821805, 0.5466444395351703, -0.6132842238424944, 0.6317989593212314, -0.5729322544799269, 0.5200532690453779, -0.6196890312231185, 0.525575532394009, -0.31680663420868926, 0.3915140323446021, -0.1889525144810135, 0.060808527253004285,B
0.0, 1.3541512233351947, -0.9153584027838298, 0.8896854886461001, -0.9259568579170498, 0.8083583819980948, -0.7835857412803325, 0.8227510136709392, -0.7547326196370303, 0.6169802635215074, -0.5797739101776537, 0.5891592325798191, -0.49144996665057555, 0.3935607960083291, -0.40113424216941057, 0.29071979370076856, -0.12850194472883783, 0.18541555978790272, -0.10107498401394592, 0.0313868829373561,S
0.0, 0.8474730069070949, -0.12572977071895888, 0.4430746506965354, -0.846853145653204, 0.28835032131305643, -0.504429165486288, 0.7181754244048332, -0.42812071933236184, 0.0916008690784435, -0.31342559613735244, 0.4321676746512204, -0.2971919856640944, 0.040189718231573114, -0.2873939243941287, 0.23543649021612795, 0.023337491977501623, 0.12636447848129784, -0.18371826506097666, 0.04868184673021302,B
0.0, 1.002563421148055, -0.39909575815816273, 0.7059193890205625, -1.036898766895326, 0.5719430066523377, -0.836738322807941, 0.9415157662144047, -0.501276282573399, 0.24688941363874223, -0.5033361782037995, 0.47309664126395135, -0.2645327279115295, 0.19972575031055403, -0.3291763935648381, 0.10091391805056489, -0.01824114089079315, 0.21132652579235858, -0.06624537269724662, -0.056608514721144976,S
0.0, 1.9020517920428852, -1.7402957773520116, 1.0866229648227193, -0.671492536948548, 0.6014591877579056, -0.6144930769081038, 0.6497807690449683, -0.6419496864983457, 0.552439911778243, -0.5500257320717853, 0.6006405449656321, -0.5586487945074716, 0.44667054353387153, -0.44346727090183535, 0.29956207594140044, -0.2180483571568437, 0.23449397744131642, -0.14225501451761968, 0.09290302510782787,B
0.0, 2.209218896325113, -2.2459571453221954, 1.5551675178318798, -1.1537290493508099, 1.1564484558254235, -1.117512391736202, 0.9448020320325538, -0.8488199175224074, 0.7801583845449062, -0.7945169185526533, 0.7428575523705452, -0.5507004957969727, 0.45077705642813953, -0.5394150690484164, 0.49330228144736965, -0.33140206680673295, 0.2156384896696487, -0.05605990516948281, 0.004386533310445488,S
0.0, 1.4161407947135185, -1.159654114722768, 1.1858159043293754, -1.1177132799348508, 0.8655020923831555, -0.7853812278913053, 0.805716747857493, -0.7097146842271966, 0.5395785269967284, -0.6142120899498881, 0.6382640487797951, -0.5725370561818721, 0.513120875547349, -0.6049159549642873, 0.5098017189666327, -0.3018539764254712, 0.37491897358957443, -0.17734549866502664, 0.0564345374270435,B
0.0, 1.3566663261848106, -0.9085895296216753, 0.873970743860472, -0.9034700689169766, 0.7833948871820803, -0.7630295518831208, 0.7959335566813909, -0.7255753574954638, 0.5914476609453837, -0.5562369534770674, 0.5704556939111536, -0.4773353738517448, 0.3858894538704253, -0.39765566436487493, 0.28809895351075104, -0.13525651556654844, 0.18758435843920315, -0.09280637744453127, 0.030523308646380903,S
0.0, 0.85605882825031, -0.12998124410360293, 0.447216144142102, -0.8506052560969493, 0.30171616044944555, -0.5147131261427706, 0.7272613947235885, -0.43381138421695503, 0.10658887931532221, -0.32428157672556907, 0.4421979144145645, -0.30341946857258933, 0.04844704140689171, -0.296624272534627, 0.23945153792132373, 0.01948704488263834, 0.1338935730906349, -0.18796410885456435, 0.046514912438157495,B
0.0, 1.0018512546119358, -0.38955035914848707, 0.7024292826613049, -1.0432198953204943, 0.5620068178356868, -0.8217210649725019, 0.9385274234654954, -0.48676882426829804, 0.22447881134163827, -0.48330680370918716, 0.462023675109657, -0.2479232967426863, 0.1873960293233529, -0.32164691449554156, 0.08097814871005167, -0.00168206085206558, 0.20933801028030663, -0.0630491135814814, -0.06066802884782479,S
0.0, 1.8880839750231557, -1.7266099877515342, 1.0985376782407945, -0.6949187013404813, 0.6116325858415831, -0.6137083400384351, 0.6547962623556753, -0.6570762817406405, 0.5614530089980028, -0.54034097880575, 0.5830366075483502, -0.5503339141731002, 0.4467073017524064, -0.44510035236494705, 0.3026927882614282, -0.22274976252993875, 0.2368721128981767, -0.14150866929781605, 0.09290030693969187,B
0.0, 2.214467950031254, -2.2583510928639225, 1.5706176585046514, -1.160337764789883, 1.1522401967266722, -1.1158186762388622, 0.9666080690764305, -0.903670107961221, 0.8486770021334742, -0.8448249679708336, 0.7687249979313457, -0.5732233646359187, 0.4819234818648202, -0.568492730836792, 0.5107555935470015, -0.3454060021881629, 0.230543474268484, -0.06758409077434196, 0.00830036431476328,S
0.0, 1.4280203911605867, -1.1054384768197518, 1.132042071693977, -1.119095550626052, 0.9412273885863461, -0.9352196395736292, 0.9883786477693369, -0.8589067506869363, 0.6780579486805248, -0.7118444684783165, 0.6927376584670286, -0.602333912353255, 0.510111252804995, -0.564141448541018, 0.47102359591342574, -0.2990258441662619, 0.3638636821734319, -0.15279261006470923, 0.02548850234338621,B
0.0, 1.3283975500029748, -0.935225314036202, 0.8107179209242752, -0.8011441263679957, 0.6589530539358168, -0.6603938390448261, 0.7229934356592593, -0.6390280866117992, 0.49959116323451164, -0.5488738858312673, 0.5891259704439558, -0.49038540008997467, 0.378016443613368, -0.44527307589260884, 0.39710576990014845, -0.2051394139211635, 0.29413928852884735, -0.14409958970952294, 0.07373909894008043,S
0.0, 0.9964418628773228, -0.3192694958457513, 0.5937403245618278, -1.0207164307446777, 0.45029695821347926, -0.5614575417863664, 0.7684382309344652, -0.4454318103952576, 0.017653375483234642, -0.20584572471994228, 0.31630590876456466, -0.10181673779995899, -0.043264447393521956, -0.2456537058728881, 0.10776347628216607, 0.09475353968019508, 0.1072755875940962, -0.12189428147497026, 0.01343655312616281,B
0.0, 0.8380198731922299, 0.04517401211083592, 0.15982842683434123, -0.6650532116589761, 0.12252886160691781, -0.47597835319729176, 0.6989381424593587, -0.17109258437096853, -0.19368899630763076, -0.3358666802929975, 0.3876578912587865, -0.1800286208740552, 0.12366659843558181, -0.2883567719960651, 0.07873231178730945, -0.05440781963776871, 0.18903897966184008, -0.11480655664808637, 0.004818968609725452,S
0.0, 2.260642047041546, -2.329164983857, 1.363853251045726, -0.43710119545745957, 0.2060004860325045, -0.4766304834801014, 0.7125285336271073, -0.7474613111016627, 0.5967107735916928, -0.48894663728224724, 0.49708968808178466, -0.5527104629465536, 0.5338143944837054, -0.5184210792423759, 0.36800106191634196, -0.24813840755975416, 0.215464904332649, -0.09175031652254195, 0.03970119010314646,B
0.0, 2.3674012452954654, -2.565931315340926, 1.7507079873735834, -1.037674510294069, 0.830775262134485, -0.8220090500949441, 0.7570376620068907, -0.7904872456439404, 0.9548777420571447, -1.0915669663719607, 0.9648446305842099, -0.594124868293902, 0.3691664232959845, -0.48317626327699925, 0.46751295184819475, -0.2737145541373654, 0.15182458013446593, -0.02247657771175158, -0.007715989601195291,S
0.0, 1.427216446404565, -1.1076425769901692, 1.1410774711514047, -1.1360988994335839, 0.9596653433779201, -0.959545954017231, 1.0163208928825744, -0.8810998087570326, 0.6921572506202469, -0.7214829331746871, 0.7035036515312776, -0.6105479524531606, 0.5114354136513157, -0.5638141330467501, 0.47211097044434686, -0.2964376558921026, 0.3682781276917097, -0.16642519928438632, 0.03288967744343663,B
0.0, 1.326124275703178, -0.9311508280262382, 0.8064414912618109, -0.7961534709250039, 0.6537599547807202, -0.6538742179261604, 0.7156560341864633, -0.6316205090979351, 0.4929961766222425, -0.5440028969896171, 0.5847139506900518, -0.485496794188241, 0.37327251096523795, -0.44191058587762344, 0.39525679033984873, -0.2044018292009036, 0.29326717240392564, -0.1434058955391163, 0.07369894436093412,S
0.0, 0.9921816649702506, -0.3064850748446102, 0.5849517129559673, -1.0173094909808043, 0.43511679894732064, -0.5490922138989497, 0.7612523345029684, -0.4322017726573317, -0.0035490428093589627, -0.18959958858117398, 0.30541660462435766, -0.08625767122472934, -0.061905583471010474, -0.23382364209437392, 0.0934703548071467, 0.11405170545030083, 0.09431976223921253, -0.11299295838518593, 0.008852414704799682,B
0.0, 0.8376484927996319, 0.04515182598350411, 0.15977271626701897, -0.6643477528667046, 0.13339090672819098, -0.47338764394495925, 0.6810013405136515, -0.16814113923767332, -0.19478379096827994, -0.3272511714989733, 0.37044114001760636, -0.16524854582897947, 0.11214947376624593, -0.27122795858564475, 0.061020249216772696, -0.04466022723006117, 0.17938208008104484, -0.10881132456474493, -7.23757973511829E-4,S
0.0, 2.252013569192403, -2.3099248004818214, 1.3470896203076252, -0.42702751473814854, 0.19719400528571832, -0.4646172920962991, 0.7000979003147254, -0.7393713885641052, 0.5908985832170554, -0.48146190435295727, 0.48888702953723195, -0.5463188215364557, 0.5256774034656951, -0.5078704963510479, 0.3610170695235655, -0.24735250986494625, 0.21703983717759442, -0.09147264234442234, 0.03888272447903975,B
0.0, 2.315223798531512, -2.4659186676556173, 1.6929163097130464, -1.0239035612861394, 0.8034611970455782, -0.7613253075174811, 0.7048910977060047, -0.7704008864129236, 0.9363770699588189, -1.0569585393493572, 0.9315657893981726, -0.5785361993651943, 0.3608629707574062, -0.4615059678500872, 0.4470103668257164, -0.2770022616967803, 0.16006439974599038, -0.022548609722039686, -0.009650530885327059,S
0.0, 1.4253625132687424, -1.106593035894625, 1.1400503895567458, -1.133444009009252, 0.9581225794498035, -0.9556224101225953, 1.0133284297050442, -0.8800892300621755, 0.6896064292755503, -0.7204333882142034, 0.7018463853943302, -0.6064166030715599, 0.5091258537950886, -0.5638127342060824, 0.4707783442976074, -0.295788965145, 0.366299984840488, -0.16206039344064047, 0.03074432880189281,B
0.0, 1.3336036952900976, -0.9306191384477311, 0.7998949578166815, -0.7925888419893713, 0.6444421511562112, -0.6445156968945721, 0.7061953735081343, -0.6244712220111828, 0.49253148039169586, -0.5500079265708776, 0.5927692754620896, -0.49443101840238357, 0.38347894762011414, -0.4467251518708429, 0.39417063062289176, -0.20540887941629626, 0.2966346902163924, -0.1503482340779476, 0.07839725209522647,S
0.0, 0.9886325095779102, -0.30373818072333836, 0.5841997432400461, -1.0226528394733312, 0.43912882702041195, -0.5509700411116782, 0.763280807784437, -0.43038747509590536, -0.004343205380261642, -0.19093570093439924, 0.3045960511579395, -0.08971050697593747, -0.0542963858642203, -0.2396411694163618, 0.09458378597337827, 0.10395808869704368, 0.10647929617834696, -0.11760668805363576, 0.008761874117649306,B
0.0, 0.8380365644268961, 0.03851900205199371, 0.1565826453181566, -0.6484006991617826, 0.12872566871065233, -0.47319094334861395, 0.6665019676323592, -0.15739209813745156, -0.18928882928256763, -0.3240215122608102, 0.3664641807599792, -0.17510857645081174, 0.1240460047840914, -0.2806020321275568, 0.081024592691992, -0.06178932036295763, 0.18659027233732903, -0.11191566456425805, 0.003524434842095444,S
0.0, 2.26292835185289, -2.3460574054634598, 1.3925888501013657, -0.4435329098036635, 0.16604140136619341, -0.41372849946554296, 0.6767064426095478, -0.7653092454356553, 0.6528787039401394, -0.5485274303355936, 0.5317013494488917, -0.5585103473155221, 0.5290731128324867, -0.5237187454037079, 0.383494011513431, -0.2586668139652469, 0.21391358344839906, -0.08574568221015733, 0.03691981993390273,B
0.0, 2.2866766788957467, -2.410924237388124, 1.6523865628378551, -0.9943662602867591, 0.7734066607003073, -0.7337493920748989, 0.684860410393904, -0.7465109801439213, 0.906291850458362, -1.0290585251679614, 0.9056349947549341, -0.5542206855030234, 0.338420715835719, -0.44027226107847645, 0.43048205519591315, -0.26802966392431415, 0.15499446378293694, -0.021929445433550042, -0.009199337363530577,S
0.0, 1.42674137551583, -1.1100239038436537, 1.137866777910186, -1.1249475342819424, 0.9420379655893311, -0.9422437437404841, 1.0039360352681368, -0.87207597242386, 0.6838859190394455, -0.7159730841734243, 0.7011833925505794, -0.6079357694738355, 0.5078874363048289, -0.5585418245840265, 0.4686169099727217, -0.2969140234510694, 0.3633287447511664, -0.15687156092382087, 0.030555572922798244,B
0.0, 1.3363338956691186, -0.9072890343390206, 0.7788497986260786, -0.765786582420692, 0.6219880293683354, -0.6216047489925279, 0.6669281671488667, -0.5801802359110858, 0.45126854406647887, -0.5057167771827131, 0.543813624951914, -0.44717840886672233, 0.3480784680582028, -0.42266181769725714, 0.3731782726364709, -0.1850380203801754, 0.2737870838422137, -0.13477023121501794, 0.0623850880232959,S
0.0, 1.004286018280226, -0.3175793330427127, 0.5916212830792015, -1.0354393238983535, 0.4501267748833856, -0.5525995321455295, 0.7745496725668406, -0.45218615374834165, 0.006722834580658615, -0.20110047521672872, 0.32933301742073223, -0.10967272727971479, -0.046995384408352756, -0.2548847509115121, 0.10692641818483077, 0.10335666868085233, 0.10814142314750148, -0.12090436429622249, 0.005982413196617705,B
0.0, 0.839701087695746, 0.024620199633664297, 0.16548888251711583, -0.6609942105214605, 0.1485777596125403, -0.4873196272914875, 0.6758301841549184, -0.17649817903515247, -0.1724791779585888, -0.3314662776778533, 0.3653846921571211, -0.1818910714217375, 0.11754404408463581, -0.2604462914497177, 0.06772270757390149, -0.05455700450729367, 0.17166592550400497, -0.10280533370746603, 0.0016502383715432062,S
0.0, 2.2724369642708355, -2.3726599438383564, 1.4298488278350756, -0.49670265967821275, 0.23639969443141068, -0.48604269638315994, 0.7348032470173734, -0.809914016696372, 0.694277076760231, -0.5956108755072198, 0.5853990972211385, -0.6082752273942273, 0.5620949925045582, -0.5372874838782223, 0.3858803672242679, -0.2550713199724317, 0.21066639218347977, -0.0843288521316897, 0.03708722594862798,B
0.0, 2.2760262131075737, -2.3839812536702056, 1.6275595469540978, -0.9956606126228795, 0.7974517496717742, -0.75218100574876, 0.6905399661487167, -0.7503453864776056, 0.9005230504633849, -0.9930652727256595, 0.8626910842046053, -0.5406365962101934, 0.3484128059111624, -0.4372732979090449, 0.40313776685573893, -0.24597313139417049, 0.1469913163815667, -0.01871600573398412, -0.010892293381536404,S
0.0, 1.416904011041904, -1.0904025861464182, 1.1206309622392934, -1.1123130776954024, 0.9350755403854033, -0.9272469897002796, 0.9846380340335501, -0.8549967444180779, 0.663217353227605, -0.6945852144595367, 0.6795357187398249, -0.5856514942584048, 0.48793382519142187, -0.5402541006590081, 0.44708641567970536, -0.2781074489851069, 0.3562446041617976, -0.15753470220166116, 0.027475747423773053,B
0.0, 1.3419096421509917, -0.921931825503359, 0.796457563150199, -0.7795842199064094, 0.6363540579831296, -0.644259679790993, 0.7026422410886113, -0.6162609161187149, 0.4740518077499725, -0.528585758658849, 0.5734765184452063, -0.4713814109835737, 0.3597028826151654, -0.4221557491406292, 0.3659276916771365, -0.18752337335568575, 0.2767072704192338, -0.13904492038347846, 0.06383773541651891,S
0.0, 0.9926809604853251, -0.30327506501084006, 0.5764511293012216, -1.008818487152572, 0.43449583127249175, -0.5367148798799832, 0.7394764027465344, -0.41408866496260827, -0.016298977439947532, -0.17157876570953806, 0.29087143766162527, -0.08007994676727971, -0.059489078314798265, -0.23246477965531456, 0.09313869151820639, 0.09864318298236217, 0.10855652135701979, -0.11600243006860876, 0.006384594255070355,B
0.0, 0.8416452151754478, 0.03321065095594985, 0.16184229331571875, -0.6503114524078178, 0.136120349167579, -0.4662217723975339, 0.6457295418153033, -0.15193228105264228, -0.18782457981280526, -0.3124901862231922, 0.34840685586653203, -0.16192643422377276, 0.10803555675129346, -0.26033471568875005, 0.0753168619155969, -0.06399034521070826, 0.17698580640795078, -0.10223531652276929, 0.0014519766189909284,S
0.0, 2.265313971309641, -2.3573085332018775, 1.4161736959999738, -0.48849479206463886, 0.23211476023802818, -0.48308135132473695, 0.7327816775603393, -0.8088794003767331, 0.6919598543971184, -0.5896985928776481, 0.5771183997129155, -0.5989943263066428, 0.5500506588306706, -0.5234583687668826, 0.3760181688223598, -0.2524929457454822, 0.21194928753921738, -0.08573165875357137, 0.03752460528862876,B
0.0, 2.2798447651252056, -2.3959387794440956, 1.6456230731549484, -0.983345576008058, 0.728469297610468, -0.6507261164634165, 0.5998636883757985, -0.6838923374655833, 0.8478789877371645, -0.9633895791437724, 0.8559240479173953, -0.5343125847396565, 0.3257716116167737, -0.41004488221641244, 0.39339463616769693, -0.24996525988631843, 0.1525057115125193, -0.021934875090479648, -0.010526141995817829,S
0.0, 1.5018578872715567, -1.1940081222674659, 1.0947267965604157, -1.0059962538970173, 0.8424210000177847, -0.8365532380727781, 0.8706180036385537, -0.7825195881890025, 0.6575756534257211, -0.646237668496576, 0.6337826014739503, -0.5869142684763379, 0.4976146110462993, -0.5135488986967417, 0.4272743051068542, -0.2613431694698281, 0.2992468793315659, -0.13309667515852489, 0.04097831975873632,B
0.0, 1.445987659464661, -1.0482711404328928, 0.9355920733677767, -0.9975404347745975, 0.873066023587026, -0.8670175854629242, 0.9115431929562288, -0.851680762030189, 0.7219949646896461, -0.686131939963354, 0.7164186674532194, -0.6704774153174847, 0.5425728964083649, -0.4757952307389811, 0.38079799480633586, -0.20873807290464919, 0.2619296571290212, -0.1547478108549898, 0.07383226505202099,S
0.0, 0.9542582168596986, -0.3056896571632231, 0.5361574036284567, -0.9504678933701192, 0.37982021267693356, -0.5007073107560882, 0.6049530130500206, -0.23028187562597538, -0.08897623269942874, -0.20890629009234393, 0.2552671526473036, -0.12831003024873286, 0.026938219605844003, -0.25110945716472616, 0.13614066989000184, -0.01754217190626266, 0.20059329480834284, -0.18424439290126163, 0.047874293119879584,B
0.0, 0.963969151272839, -0.26281443993967696, 0.5001376605353995, -1.0128758427984503, 0.4219754508138206, -0.6761536088865456, 0.7345218765507062, -0.2596380965821414, -0.026967852242556635, -0.4007930602733266, 0.24814300897548575, -0.05958500794692686, -0.004050612875006481, -0.10829484649238104, -0.050656438920017775, -0.038297034003695475, 0.10570687946442907, 0.021145497128518764, -0.05654858572928425,S
0.0, 2.146118958694542, -2.1203749933015423, 1.2164726057697524, -0.462660422725227, 0.25987416176027445, -0.33836174167618643, 0.43122872650560057, -0.45711195366323243, 0.3403979441898752, -0.337504700369982, 0.48630132325913544, -0.6406041487386274, 0.6511048526124311, -0.6357657374303248, 0.4590247829329127, -0.27540992729453206, 0.24602989483785562, -0.1300016546382037, 0.057486423701488654,B
0.0, 1.9034607607663359, -1.7588882112567417, 1.0588597409033076, -0.6401181452525774, 0.6478663506504702, -0.7334433135584576, 0.6228779748690515, -0.4916714675895181, 0.39858218349947544, -0.4486638634688436, 0.4629852181533726, -0.4251186660324287, 0.4296739343005475, -0.4763192987830224, 0.3235853428310397, -0.23265551717614902, 0.2443534402980905, -0.18641673428991956, 0.13213702241156156,S
0.0, 1.4996217514546037, -1.1889611117711532, 1.087743386134597, -0.9976676284555148, 0.8337594444528816, -0.828444876786657, 0.8604999339728524, -0.7717253551600953, 0.6488284608784765, -0.6362054236349229, 0.6232407351670181, -0.5768822674306532, 0.48896644668714034, -0.5084221405341506, 0.4214651279666371, -0.25332390991857257, 0.29464376693278904, -0.13048333293442746, 0.03857289689310959,B
0.0, 1.4375439894620505, -1.0391153710615058, 0.9336790789583159, -0.986484734469209, 0.8509755247202627, -0.8469888349516317, 0.897661927607336, -0.8373177673716712, 0.7041138245253278, -0.6684655033621848, 0.7022396438945232, -0.6547622826614687, 0.5212257004869404, -0.4601584371608424, 0.3749882312225709, -0.2018097647802133, 0.25012165567030903, -0.1451152414023086, 0.07074248324789156,S
0.0, 0.9507166557066473, -0.2941116545192471, 0.5278834391676464, -0.9455428501817899, 0.3592561644202382, -0.4814118507270857, 0.5863370218804171, -0.20515416514681686, -0.11772984972259935, -0.18902771278581074, 0.24040241866215417, -0.11247331010622132, 0.013223919680180177, -0.24145928035176767, 0.1279424084058761, -0.011627889771074195, 0.19851287315498822, -0.1807605166613041, 0.04424536129199426,B
0.0, 0.9620969067422172, -0.2706600543905417, 0.5029262750689157, -1.0236064817064914, 0.4268863386872566, -0.6882680754236917, 0.739132171591248, -0.26019079090112385, -0.026543985830231848, -0.39746573657868056, 0.24614602362978885, -0.0701458008363269, 0.0037582202060452738, -0.11503389716352465, -0.04233429156449836, -0.03380575738827386, 0.09955948056441877, 0.023640848105498904, -0.053000554772047015,S
0.0, 2.149857336937074, -2.133361396954409, 1.2288491849224301, -0.4635098450112875, 0.24565559359995812, -0.3222888076746781, 0.42746360845926595, -0.4610561052185642, 0.33879084867043263, -0.3299071916677266, 0.4810832074652798, -0.6389315671733662, 0.6515102297287061, -0.640404306969223, 0.46370474665096223, -0.2746521338392166, 0.2402859733436453, -0.12445790662618265, 0.05650049003609267,B
0.0, 1.8798938494358695, -1.715276786788479, 1.0387580246341386, -0.6384496225240401, 0.6235054592835865, -0.679227634680451, 0.5819305983913142, -0.4903357102360891, 0.40540208001347844, -0.4341768113967585, 0.4383097083247547, -0.41384002754531257, 0.43138731651240503, -0.47615999904159395, 0.3228823628712901, -0.2370805988446076, 0.24531057810763243, -0.1799441288400385, 0.12756059973530132,S
0.0, 1.490381709894261, -1.1710463060994767, 1.0717933453109876, -0.9864035536433368, 0.8208868668431383, -0.8081781747760786, 0.8469707119118449, -0.7670847901422814, 0.6385492538047876, -0.625905084228853, 0.6182657931123892, -0.5809533978970433, 0.4893006932229421, -0.4959206640211081, 0.4030661083274857, -0.23077691771639897, 0.2742932731006616, -0.11409968248481105, 0.032304149452602335,B
0.0, 1.4215698669995516, -1.0249288133660406, 0.9317900612181909, -0.9769303379546606, 0.833555486653512, -0.8149262416662683, 0.8686238470424019, -0.8271707318700926, 0.6952994742635187, -0.6562388477788107, 0.6911072932827275, -0.6391740598219436, 0.5123799109130174, -0.46045508733113516, 0.3760365177442291, -0.20725205079152695, 0.2525300989959934, -0.14452410314282813, 0.07092470447734323,S
0.0, 0.9449401547228187, -0.2902541374724832, 0.5246316450943728, -0.9393829835106838, 0.35464879039044095, -0.4765066009978818, 0.58250797761486, -0.2046211648041017, -0.11283245043818182, -0.18936970578768228, 0.23604370359978133, -0.116628486667631, 0.020215715355450838, -0.24442158818936568, 0.13006442132643034, -0.008453855966325217, 0.19150200828460537, -0.1768088239667564, 0.04366818481308571,B
0.0, 0.9568659208287746, -0.264664840412219, 0.48300748149837447, -0.994491419995272, 0.41424576864500307, -0.6580128252388935, 0.7083247658226723, -0.25327693177296634, -0.049708692915301556, -0.3671252407624694, 0.23039752816434758, -0.049908116454894604, -0.019605060400587238, -0.10136349747413428, -0.06071226146557512, -0.0248346925212803, 0.09436255918233992, 0.02621081940505439, -0.05725711165919426,S
0.0, 2.1541737013774487, -2.149057110891486, 1.2469493610076152, -0.4693997740665409, 0.2331161383514961, -0.30727826864220714, 0.42643058084324564, -0.470289389773391, 0.342270116733569, -0.3256418316298959, 0.48015592372008814, -0.6439051481113827, 0.6574562930669057, -0.6459845538933471, 0.46783660276938493, -0.27638252476907244, 0.24143721523185524, -0.12579921646095094, 0.05793763091125126,B
0.0, 1.85959730198617, -1.6709004754065067, 1.0058927209979227, -0.6159774537168988, 0.6027659032936382, -0.6550123529200929, 0.559721905175488, -0.4749104493383153, 0.39486214665062275, -0.4217189430792815, 0.42206295435155977, -0.3996977949690702, 0.41466519865183266, -0.459091666662803, 0.3141781816949297, -0.23475656251618915, 0.2445334082632541, -0.17763084779818608, 0.12451330368224205,S
0.0, 1.4888327038783207, -1.1694571311012527, 1.0694451046227968, -0.9835761156428937, 0.8212747008665575, -0.8079607254418859, 0.8428714368149165, -0.7629115351425638, 0.6349484376955924, -0.6234518653757449, 0.6192290743953285, -0.5807385391915245, 0.4860813550404241, -0.4932166272154866, 0.4020679129358037, -0.23025027715872093, 0.2732212014846925, -0.11354107147251292, 0.03240252009222187,B
0.0, 1.4192581414017589, -0.9936433458292311, 0.8941581690541526, -0.9397622170973526, 0.7993427962815844, -0.7906655894114333, 0.8461624668896939, -0.7996416841085892, 0.6736568692487187, -0.641229308327583, 0.6777729884651653, -0.6262030658729381, 0.49740973618915146, -0.44976546397917455, 0.3663098763160754, -0.20614780608714298, 0.25351263660335865, -0.144786075420766, 0.06575743273120614,S
0.0, 0.9509937431627741, -0.29592583246158766, 0.5341794437574464, -0.9559555508183256, 0.360054501697311, -0.48449312902249464, 0.5908030555436737, -0.204581132500901, -0.11861078038702447, -0.18673041869392734, 0.23344008436260855, -0.10997135175702343, 0.013864489235147612, -0.24089408215224647, 0.12583512708379357, -0.005261303514862871, 0.19269206071182943, -0.17829098260293302, 0.042747902433221456,B
0.0, 0.9681007406908677, -0.26605538113229055, 0.48450393003232134, -0.9888700600121942, 0.42447566718202434, -0.6550350765355238, 0.6996616825904369, -0.24766805772441286, -0.044436176818708706, -0.3623785982877596, 0.23176077816109844, -0.044368105538674034, -0.020984752698748905, -0.0951491179427105, -0.05462383882141887, -0.03249255194150494, 0.0997159756501968, 0.024883348271613127, -0.05636498574650249,S
0.0, 2.150310864646446, -2.131886220977425, 1.2117064564898423, -0.4282287188920635, 0.20405128638215464, -0.2970609901485028, 0.4212026087546616, -0.44976911533568825, 0.29957283500323983, -0.27921840136455645, 0.4474005057906896, -0.6168804851153223, 0.616010651757571, -0.591796613134652, 0.42464350459290284, -0.2531916504361946, 0.23174008186080558, -0.12265336175008776, 0.057186537998761854,B
0.0, 1.874933154115754, -1.6965499040258734, 1.021714467878345, -0.6211752462988442, 0.6210226210511625, -0.697894754961032, 0.6044608514597347, -0.4915762129155304, 0.3893826237574409, -0.41857894703581927, 0.4237741751317914, -0.38550533947238336, 0.38417039237975653, -0.4267651580882049, 0.2892506764612284, -0.22299086489097772, 0.24025934221192227, -0.17633193240575637, 0.125670410110545,S
0.0, 1.4932510183122696, -1.1853665247018084, 1.083295562107636, -0.9919257945659095, 0.8199552700593182, -0.8097117382207163, 0.8522307164362204, -0.7723582143363977, 0.6417785340588857, -0.6217055853087657, 0.6142887631139825, -0.5751654112761199, 0.48757037739001335, -0.5026673627078398, 0.4184618300835802, -0.24959659379017593, 0.2895876912347791, -0.12986068730200004, 0.04142384162710314,B
0.0, 1.4240108228041093, -0.99626825868075, 0.8957529796528234, -0.9307968535195413, 0.7898995541367152, -0.7762367208203703, 0.8244142269377637, -0.7747030881525809, 0.6504290573476514, -0.6096218045319218, 0.6385738426291947, -0.5933142756614639, 0.4701735770363569, -0.4213409175676475, 0.3398058993833538, -0.18708343141092623, 0.23572288031919297, -0.13271777757832776, 0.06141829436120474,S
0.0, 0.9457706453573971, -0.2947459995634178, 0.5300409860374161, -0.9457511847439866, 0.3611821748207391, -0.4806229875164515, 0.5883384048060635, -0.22129333590710998, -0.10161035526289924, -0.19715036474242886, 0.24911581195175295, -0.1214859035469692, 0.020041839777090568, -0.24997210763101882, 0.1374292973275023, -0.013525933541692545, 0.1961723900957502, -0.18001299840412222, 0.04636664159526527,B
0.0, 0.9748366212462896, -0.2682265810601449, 0.48999977200821193, -0.9997240857886452, 0.42975005946736766, -0.6637120304830206, 0.718873368412975, -0.24157425363820886, -0.047809713593657585, -0.3604109782325278, 0.24538018340515472, -0.05286921549645124, -0.0076850290313112855, -0.10125325516989106, -0.04937336358472639, -0.023986654913125047, 0.10136036727391219, 0.027127486254878826, -0.05604010276010453,S
0.0, 2.138155457029412, -2.120252978919831, 1.2272022727881366, -0.46162673070122673, 0.22178129331486487, -0.2924397160719008, 0.4157238830378661, -0.45618366153974005, 0.3112410435328464, -0.2861404522381346, 0.4521171269631021, -0.6241164662989109, 0.6283441568123936, -0.6133356448106411, 0.44579652153614535, -0.26547852650903914, 0.23403620137987746, -0.11976328967403409, 0.05660406249568669,B
0.0, 1.8588955155431726, -1.6651145271438763, 1.0044330916251811, -0.6266759433395996, 0.6336629631744918, -0.6887596220782464, 0.5711921538923039, -0.46344882561729217, 0.3796548557462982, -0.4169864929036468, 0.42352991283038754, -0.3928745850684914, 0.39670497614062117, -0.43952822372774614, 0.2996630239731189, -0.22741625855073647, 0.23696962831561946, -0.16924492233841265, 0.1219771401060133,S
0.0, 1.485961255684026, -1.1688453506221383, 1.0247677302564406, -0.9032320857423791, 0.7519357907871667, -0.7591937878666946, 0.8068337276669676, -0.7210597609679763, 0.6262082428932949, -0.6146662752915742, 0.6031173452600483, -0.602202399439123, 0.5260256129114657, -0.5747676915077359, 0.46921673257830515, -0.26664037598402757, 0.3074406599545355, -0.13546616922682472, 0.04671317953475767,B
0.0, 1.4130493229028427, -1.0144622649345871, 0.8895700441537037, -0.90868874601946, 0.765020212468723, -0.8434957846273373, 0.8599293085762464, -0.7759380487092042, 0.661252338784638, -0.6823757387128562, 0.7103816769894862, -0.6399623394199975, 0.5095980950704058, -0.4720648766489291, 0.42486544501756723, -0.2795575885474623, 0.308442779263409, -0.16597208492969934, 0.09157701838753139,S
0.0, 0.9210708239617672, -0.28382634638043985, 0.5130351209252523, -0.8958874170349516, 0.43390729880817, -0.5814446886189573, 0.6227971668160246, -0.3044308829150437, 0.08540183801070932, -0.31496251504745054, 0.3046274513195117, -0.15686855469689837, 0.029519164224049235, -0.19193786782836672, 0.12306174068202867, -0.031175164279265775, 0.164826970196005, -0.13231299540413483, 0.038723716767661676,B
0.0, 0.9315675407206523, -0.33548919697532675, 0.6035688007051575, -0.9420502095993076, 0.37412709075959666, -0.7332173234792451, 0.7156881263588304, -0.25332875388658493, 0.06374414300240976, -0.3543132320333814, 0.18771841398887992, -0.09629292762355651, 0.12955804537041216, -0.101710872402917, -0.09430235009413444, -0.023237582165693032, 0.15699572801547218, -0.022778394417507824, -0.01572258542371053,S
0.0, 2.112131010691595, -1.9687303526064175, 0.96212558614262, -0.24962050703013153, 0.24132958527016557, -0.5601566458763876, 0.7244242598956391, -0.6441032799620366, 0.3967054123337952, -0.313891866646323, 0.42406691365239013, -0.5382520363525636, 0.49425607906679686, -0.4740439144480377, 0.3272380685448307, -0.22092790345762495, 0.2195654521196415, -0.11271540813957967, 0.053006318613272346,B
0.0, 2.1731846616256645, -2.2251961442546104, 1.4192952147598963, -0.8381894991213236, 0.8614086645922497, -0.9985591761742251, 0.8894614050646225, -0.7449124470391513, 0.6043979364388551, -0.5996038094473671, 0.5778319857353554, -0.4442180064323215, 0.39501572611639424, -0.5398098421565899, 0.538487594742326, -0.41362451806176703, 0.29925902558584966, -0.17219098160704346, 0.09839297382569326,S
0.0, 1.4843477314649334, -1.1662700201649556, 1.0255394347683515, -0.9040426653033917, 0.7506416625997883, -0.7579450698026386, 0.8052622473711712, -0.7205338883365516, 0.6258265696614472, -0.6126861095082186, 0.6009746846684516, -0.6025204616193097, 0.5259071845484674, -0.5733571358466939, 0.4687508010822126, -0.2672930277833967, 0.3064683824962778, -0.13266062447003016, 0.045811386638635536,B
0.0, 1.402805379182753, -0.9853576175757472, 0.8614864998776576, -0.8785728033169974, 0.7354394396321813, -0.8135609234960458, 0.8258392008077886, -0.7441835816318764, 0.6355242755447061, -0.6569579812834753, 0.6838340972552046, -0.6153293078705191, 0.48882660016038676, -0.45379405084678476, 0.4087219983584065, -0.2691889000352963, 0.30039319149692734, -0.1573008406539146, 0.08469731987760204,S
0.0, 0.9103460966683192, -0.27022151303768904, 0.5010688299600891, -0.8810195542577861, 0.41663916660840844, -0.5612381966936812, 0.6051652487141689, -0.2864295270326194, 0.06366008786345666, -0.2943906585699266, 0.28569844915757664, -0.13684215468763988, 0.013867243776781325, -0.17829376171489095, 0.11203893523407595, -0.02232633613004976, 0.15645334855563672, -0.12591318916483343, 0.03480523533134588,B
0.0, 0.9196059842548767, -0.31352727061242347, 0.569141422847632, -0.9083178069283837, 0.33932050603647146, -0.7012942326380505, 0.6873044009233198, -0.23068993806250204, 0.032713504715798286, -0.3282741678853929, 0.17421003591879808, -0.08716792842314967, 0.12126719642519128, -0.09850614019952966, -0.0955423368281792, -0.022471446177895545, 0.1483815680884138, -0.014231881018326786, -0.020221570694344083,S
0.0, 2.1093359892393266, -1.9695144715608786, 0.967446659058452, -0.24924491690559464, 0.2295810186549889, -0.5467430345703292, 0.7167499522106713, -0.6393962961105211, 0.3900204688573796, -0.30876173133969137, 0.4277202674317898, -0.5437847380015889, 0.48826844678655157, -0.46413113053080124, 0.32609931442200313, -0.22523692580112906, 0.22327011701747568, -0.11591314704267444, 0.05523977102398375,B
0.0, 2.14946362301479, -2.158240786717981, 1.345158018807246, -0.7830906959172258, 0.8208113986939124, -0.952118879754296, 0.8336907764414181, -0.6978043014978508, 0.5678334853361945, -0.5592074850701426, 0.5296741367619029, -0.409226154806771, 0.37864297276652625, -0.5165922572684052, 0.5066090663444274, -0.39065299968936046, 0.2910549992928441, -0.1707726079439016, 0.09651135449268546,S
0.0, 1.4901349335042484, -1.1832661265524305, 1.0407327089951504, -0.9137028360951427, 0.7525164905502681, -0.759150779109981, 0.8135848897964512, -0.7298807270907519, 0.6297247506821859, -0.6167839063770387, 0.6091928482739093, -0.6083131704029898, 0.5281084204511585, -0.5793749501104212, 0.4771607536249148, -0.2714895127426835, 0.31014100582021764, -0.13313182920242012, 0.04534233406334835,B
0.0, 1.3984131593818403, -0.978889314823234, 0.8395680629356758, -0.8456632814983723, 0.7074936257660597, -0.7804905382307705, 0.7939218177386588, -0.7150043170499104, 0.6020299075980853, -0.6246826333400077, 0.6579489625029461, -0.5942630969453042, 0.47246733331996066, -0.43574809923283664, 0.39203943226821714, -0.26132158311015713, 0.29415032999913865, -0.15841559047686665, 0.08901084898224272,S
0.0, 0.9041256930703602, -0.25616423682029277, 0.4891716885527187, -0.8717260574523962, 0.399734729133798, -0.5472065062317395, 0.5871813421418942, -0.2706990273361652, 0.05672576200993877, -0.29010904342255683, 0.2839099244480161, -0.14638099796990267, 0.020057916715229888, -0.18466851579991772, 0.1187158231109702, -0.023388512284028964, 0.1535187942979433, -0.12758551038379518, 0.040000199260434216,B
0.0, 0.9279584630851924, -0.3206107018461005, 0.5736261237940617, -0.9105719577942386, 0.34952216622885746, -0.703773545723642, 0.6792953211933617, -0.22336301038693657, 0.027999529953832147, -0.31890815717007703, 0.15608223943689808, -0.0734207479246535, 0.10690415981978034, -0.0838101092112652, -0.11128772673295681, -0.008491752462571268, 0.13881972314623015, -0.00803872445797311, -0.027687112144155996,S
0.0, 2.093031439381778, -1.940255671594636, 0.9468529266488361, -0.23578500041622674, 0.20851455504576882, -0.5240212469587632, 0.7080237126977593, -0.6443677247624114, 0.3923490319713276, -0.3028295099539543, 0.4250467332850771, -0.5466673491981106, 0.48568025439442336, -0.4537907029272362, 0.30966837461435803, -0.20801818680875214, 0.21229171754691578, -0.1117886383905483, 0.055040580426566295,B
0.0, 2.142098184380044, -2.1345660571031, 1.3169373309187082, -0.7567335745963008, 0.7847588796954773, -0.8898526339302173, 0.7534828180997912, -0.6195908140024076, 0.5006214755153153, -0.513087770858101, 0.5048068635453412, -0.38700250571808326, 0.35039433721412094, -0.49532050130506167, 0.5001332074838944, -0.38932432292854635, 0.28309684828045484, -0.16279073964641871, 0.09371901833488329,S
0.0, 1.4822928784530027, -1.1803169911467617, 1.051056384876228, -0.9236282971430201, 0.7737989593890621, -0.7803934567560018, 0.8225671479500478, -0.7459786100412505, 0.6465309757894484, -0.6236866027945788, 0.6106730251748882, -0.6107747359320478, 0.5346489350447455, -0.5871462841887048, 0.481521823665436, -0.27035698283670095, 0.30790962536275623, -0.13798392189233027, 0.04972166889342495,B
0.0, 1.4040061947542497, -0.973527082917954, 0.8405276496995604, -0.8375473443755678, 0.7016350673812812, -0.7737169427414227, 0.7802223254588021, -0.6968819931909369, 0.5922291364597215, -0.6125709188631028, 0.6445792416161951, -0.5818613596390209, 0.46126228140967285, -0.4270688193168134, 0.38173208652387464, -0.2563651495796047, 0.28781578453174217, -0.15338779705881514, 0.0836110600869771,S
0.0, 0.9097653003234382, -0.27452405635114385, 0.5057369054504913, -0.8861441515874161, 0.4335351976571662, -0.5870808682479771, 0.6324154980501989, -0.33216102991390356, 0.11692990707213394, -0.3331127834736297, 0.3268098357533324, -0.1804620101033126, 0.04205526560442648, -0.20039212863388103, 0.13824489344360133, -0.033733389372945885, 0.15660150321480745, -0.12813518047142086, 0.03883690306239084,B
0.0, 0.943032254465321, -0.34229511101607607, 0.5743619625072797, -0.9134677405103616, 0.37760017976586197, -0.7099066507253295, 0.6924424927397602, -0.25178617546650645, 0.04130724773549255, -0.3262621270050693, 0.17519816809954705, -0.09405158445224344, 0.11681202127913363, -0.09512047653275314, -0.08383708986505313, -0.022261729774103414, 0.14823747397850873, -0.03179993256461582, -0.008080598127474916,S
0.0, 2.0928291787203466, -1.945030012468621, 0.9603551448778281, -0.24776855588321098, 0.21115382046008935, -0.5207059896037565, 0.7096807233204308, -0.6484450241195555, 0.3887290899852814, -0.2887225935561407, 0.411323771437904, -0.5495597283578719, 0.501363656804916, -0.46575498905820517, 0.3139256250495206, -0.2092149289589463, 0.2126344882925549, -0.11269865329788303, 0.055245729782962015,B
0.0, 2.1494192487411814, -2.1526284792926984, 1.3320447445823556, -0.7553538664450604, 0.7794369866763304, -0.9028285110431329, 0.7929191059478818, -0.6725780678075528, 0.5498445862188778, -0.544459425377095, 0.5175569948912998, -0.39378240933438435, 0.35039720962273296, -0.48302020126238576, 0.4809913238780345, -0.36747393207570594, 0.261054866645997, -0.14556946870902043, 0.08559293358113775,S
0.0, 1.4737474715772436, -1.1570356939345599, 1.0155196758445386, -0.8969363686596062, 0.7477454479864912, -0.7561564709885045, 0.8116201677593019, -0.7359585975080373, 0.6383390944806977, -0.6184345294980537, 0.6040841121428213, -0.5962568888370934, 0.5093877944781441, -0.5599499601772021, 0.46255169573754346, -0.26498670265451113, 0.30772357053918536, -0.13075693491120557, 0.045502886906718755,B
0.0, 1.4097990946967063, -0.9845088873230817, 0.8413148014535099, -0.8280772844553279, 0.6915707326000637, -0.757517224226726, 0.7606747513181269, -0.6750129235510982, 0.5624489325070886, -0.5875254298822192, 0.6290161071900052, -0.5683299514122719, 0.44575682751737294, -0.4101010608248554, 0.37420317437563905, -0.2518215736899812, 0.27801246611381797, -0.1428462249531825, 0.0761459395109812,S
0.0, 0.9182504467643322, -0.2829324612068832, 0.513953549469285, -0.9021790366144176, 0.4430321808678351, -0.5973251847157998, 0.6454914759054704, -0.3415984389987499, 0.12249150188691911, -0.342442639847089, 0.33897447019358645, -0.19079076495839706, 0.046630112675946786, -0.2097337302504295, 0.1439993036579666, -0.03966087633514639, 0.1675534233837641, -0.13361310677521168, 0.040260180117441154,B
0.0, 0.9441558527604391, -0.33782495829215337, 0.5680393885396783, -0.9209225629387097, 0.37924690031090397, -0.7157370302851449, 0.6914089721534911, -0.24877107712716345, 0.039216646794018956, -0.32089261000102953, 0.17452075261420055, -0.09130410229363257, 0.11017680686705833, -0.08677343103458846, -0.09269584537298894, -0.01708479590266892, 0.14127654237044673, -0.019082080713049916, -0.015008272818165969,S
0.0, 2.091933037627408, -1.9377148506583426, 0.9403072900473187, -0.2153500698476507, 0.1793977311712265, -0.5100281563245096, 0.7194920216733786, -0.6577409345564862, 0.3794985659080059, -0.26874971761252003, 0.39891956200741713, -0.5476350809800108, 0.5009241640380756, -0.45775525481640034, 0.2984237956885674, -0.19935054326669444, 0.21304476557048976, -0.11421331986195062, 0.054533058944898335,B
0.0, 2.1545317384739584, -2.1692356234069408, 1.3467664384347167, -0.752189150689014, 0.7608525733557415, -0.8793172012915819, 0.7633606831316744, -0.6398947906301886, 0.5187821709094578, -0.5142351549771257, 0.4828166829354848, -0.35520583608207534, 0.32190520870841777, -0.4695416296172257, 0.47420886520045413, -0.3598814326205176, 0.2519669114276573, -0.14263107113508952, 0.08748861385805273,S
0.0, 1.4634797356752502, -1.1465737035664811, 1.0290410738981968, -0.9248142487024661, 0.7882385668160679, -0.8213039637600981, 0.8261735775682886, -0.6986411406654267, 0.5827002033466981, -0.6189141156678357, 0.6189944967163961, -0.5853788761656354, 0.5208984909393071, -0.5397899460236937, 0.42147752635085367, -0.23267009376655576, 0.2739135085579933, -0.12637136953648673, 0.03745553060529923,B
0.0, 1.4691757354320751, -1.150578243630277, 1.0569511803385345, -1.0864271233965968, 0.9592603080780198, -1.0080313258243883, 1.0215133373593523, -0.9501880069810403, 0.8057275055396956, -0.7790157451337829, 0.7977557890610327, -0.7152175372347651, 0.5690177938547497, -0.5269801181854701, 0.4573155041271008, -0.2718076406932118, 0.29947767774098477, -0.13800960685848662, 0.06568432647540666,S
0.0, 0.9309319696138936, -0.2979479402196009, 0.5147404150268428, -0.8766282245979841, 0.3628000659545141, -0.6448230600717585, 0.7290397362760906, -0.20168167213220842, -0.0016485825569387312, -0.33579973782557654, 0.20153107851525187, -0.13989414775092185, 0.12569903109834477, -0.13066103355505654, 0.042775351434019386, -0.05316509401282895, 0.13418628579408526, -0.0913801946285252, 0.04099693327941934,B
0.0, 0.8594605201552543, -0.18927067877588996, 0.61786992475269, -0.8789984597514646, 0.15582909711297505, -0.6245311258863879, 0.6959015492372262, -0.07603171295004003, 0.07939961345090474, -0.38919418718747667, 0.13534142089472365, -0.14455501833098514, 0.22382757140512624, -0.12128144846191832, 0.02925819507067707, -0.11891316451343974, 0.15644561421059747, -0.04273854947085532, 0.01280168127424503,S
0.0, 1.9683035400816904, -1.6506454694597328, 0.6386736256466723, -0.18234703793418197, 0.43012131619016497, -0.7053860568283803, 0.6587465517604835, -0.47416321174046966, 0.24450386795144685, -0.21925430350293673, 0.3539698235179974, -0.4744517531204865, 0.4580888218665423, -0.4141441687343814, 0.2623750932052078, -0.24254242604008663, 0.33012529778914634, -0.24924188442902998, 0.11915923823293079,B
0.0, 2.500890066411702, -2.885949557922799, 1.978648569879318, -1.0393615102530125, 0.8811603304050447, -1.0278222201112737, 0.9088009169041165, -0.8709974059162546, 1.0481964523502216, -1.108011656354978, 0.8029149534407444, -0.3591844358062075, 0.23669411628415116, -0.4531209799047091, 0.47832805448553095, -0.20921629783274456, -0.025858857273458446, 0.11788784334812327, -0.034455248199998484,S
0.0, 1.4645040482455665, -1.154549863262053, 1.038990909140653, -0.9315007554024458, 0.7825654808933513, -0.8113103346419206, 0.8260928148942704, -0.701501930453977, 0.5779027276250965, -0.6126769354660506, 0.6200329165840863, -0.5879928828804725, 0.5181031311213554, -0.5385126516563734, 0.424286367483893, -0.23653002660934727, 0.2778558709318134, -0.12265332702521485, 0.03369639600899535,B
0.0, 1.4632877626848362, -1.13647054862205, 1.0422508723196418, -1.071363752202427, 0.9433786533932497, -0.9919106430155441, 1.0004302225988408, -0.9287219535507072, 0.7875565919673003, -0.7616635057463802, 0.7825080511700692, -0.7000914323339681, 0.5554930132649304, -0.517860676679312, 0.45147507957045446, -0.2683280294240032, 0.29673563892253574, -0.13743142708598483, 0.06641326304683465,S
0.0, 0.9291092804404726, -0.2911889140559354, 0.511313093913674, -0.8784312727430916, 0.3531986314602484, -0.6402790288422318, 0.7258338403337645, -0.18934500425443893, -0.017119100315412347, -0.32499832450573357, 0.19037442924903034, -0.12861349752787943, 0.11685290735050102, -0.12184117760738707, 0.0324989386169739, -0.04511573121860538, 0.12899317022475063, -0.0900222700847505, 0.04123564564454978,B
0.0, 0.8540482164930772, -0.18662495079953265, 0.5890370412997366, -0.8416409085274562, 0.1489729443005809, -0.6020504886802207, 0.6639799185888542, -0.08174204011679134, 0.06676679458870338, -0.36531504282684935, 0.14678914994107461, -0.1448992569741005, 0.21165591794591174, -0.13069035086116348, 0.03238459787866858, -0.11175298708679518, 0.1617460863480861, -0.04241113992513608, 0.009206760924710237,S
0.0, 1.9679872164114376, -1.6564685448181953, 0.6472831368418206, -0.1840131169040355, 0.42343053957246035, -0.701459775034436, 0.6616185835149518, -0.47850708301420897, 0.2447419292238352, -0.2206660047984538, 0.35960302965227536, -0.4776828765085847, 0.45695542521257704, -0.41702022095316765, 0.27101240869637605, -0.2465418162424253, 0.3273680098535189, -0.24670769963609304, 0.11929939601260851,B
0.0, 2.461748629040629, -2.798005770933748, 1.9013785853385057, -0.9889905802247381, 0.8357007929269549, -0.9690839921985566, 0.8500467589833186, -0.8272336051904535, 1.0043755402949008, -1.0552238939374687, 0.7497092614485393, -0.3184539549476011, 0.2067423151168838, -0.41817964699639276, 0.4431496240006008, -0.19212445930983751, -0.028656543034734236, 0.11885369337711782, -0.03614043088150478,S
0.0, 1.464145840656579, -1.1536603490475066, 1.0383348922186273, -0.9315478466821657, 0.7830118632868163, -0.8116594759733092, 0.8259540582266792, -0.7009509270411663, 0.5771946482103322, -0.6120238972038732, 0.6196242695390801, -0.5877496780954706, 0.5177427511627833, -0.5380234399151326, 0.42373245894484907, -0.2361410744641165, 0.2777915822823793, -0.12256930031900518, 0.03358705832663657,B
0.0, 1.4465074767948094, -1.0941781881672243, 1.0008076219413427, -1.0362811518915411, 0.9136216096716163, -0.9534405738101308, 0.956301417541217, -0.8896372261669913, 0.7599417917890103, -0.7423513148886329, 0.7581278467635925, -0.6747585794152104, 0.536811635663654, -0.49895429587552587, 0.43440311271436816, -0.2579139708069889, 0.28981814030170266, -0.13488380861604815, 0.0631719056250152,S
0.0, 0.9266187585349148, -0.2894423968364146, 0.5118028726913969, -0.8850920058910311, 0.3571199923731986, -0.6477334071082504, 0.7335110135501202, -0.19208243634559768, -0.011669094366689453, -0.3364266251785378, 0.1999484851618119, -0.14243371893848342, 0.12863607565733626, -0.12129291622394947, 0.026028113402960417, -0.03723253960426799, 0.11993142419630431, -0.08461129419938258, 0.04250134413676863,B
0.0, 0.8600140945832425, -0.183924632615489, 0.590520414478412, -0.8341653270911991, 0.1527126597172496, -0.5984159156556964, 0.6628511607141133, -0.08352278329852866, 0.07393097319824582, -0.36653759557045434, 0.14491653306708593, -0.14402769118717243, 0.2101067630808066, -0.12621926134078157, 0.022011318437495198, -0.10387663226310828, 0.15081511609312748, -0.04171350388910368, 0.010584352267922332,S
0.0, 1.9500518363405968, -1.6429258492748027, 0.6735806316971484, -0.2192239675498679, 0.4195872849115758, -0.6809335351682573, 0.672714771003048, -0.513171518221117, 0.26915348078036966, -0.23529020467995043, 0.3781989796604814, -0.49046681674331466, 0.4604484488512838, -0.4284451867187129, 0.29420201753932373, -0.2638704974977034, 0.3262424202389092, -0.24066373250341833, 0.11862597486829642,B
0.0, 2.492881467518025, -2.8928589128342157, 2.0299808613691543, -1.0912602129317361, 0.8922394391085452, -1.016650594196528, 0.901739622814929, -0.8695840362103517, 1.0351233202075647, -1.0790852030974354, 0.7551998923106168, -0.2798647325711606, 0.12559760390441657, -0.33589637859691557, 0.39218590946549947, -0.16014630184787376, -0.0631034171435361, 0.14601196087862825, -0.04442953063654951,S
0.0, 1.4578320680633232, -1.1638484903982516, 1.0741652393564871, -0.9660947762437556, 0.798820078158256, -0.8177941097507168, 0.8384731761900444, -0.7272687982063336, 0.6038431161811925, -0.6320187283696996, 0.6389411967417078, -0.6046490754313352, 0.5330812370107115, -0.5580628072945002, 0.4518695238231927, -0.2604937919489735, 0.2903108927257536, -0.1286127455681081, 0.036851257973937054,B
0.0, 1.4466012540672069, -1.0936995855824514, 1.0097366599921658, -1.0424694870335383, 0.913779716994685, -0.9515629051961991, 0.9531192278624728, -0.8816104915449452, 0.7456593802413528, -0.724521058145158, 0.7445556387403119, -0.6644186495716395, 0.523528228021933, -0.4916199285507354, 0.42807572257693716, -0.24472289541643968, 0.2742436714510965, -0.13185176736082968, 0.06271150376074519,S
0.0, 0.9095966512105891, -0.27181519323231057, 0.48818008527215756, -0.841528557300392, 0.3102697101143238, -0.5996123750413901, 0.6735458484318692, -0.15180160336239737, -0.04713151901857831, -0.29406433438392254, 0.1600723764013912, -0.11147995260451668, 0.0992976670984327, -0.10618907190150861, 0.019966218661292928, -0.0329944667599918, 0.11436954036235626, -0.08255126241531763, 0.03844899049072324,B
0.0, 0.8569071196154839, -0.18632024256096225, 0.6064535623989046, -0.8581352847665917, 0.15730326895092966, -0.6178824227752472, 0.6854196155185109, -0.08806117256900234, 0.08025554324610984, -0.3850578314692468, 0.1569972739312441, -0.15426088881680128, 0.22160804885668822, -0.13765049724643819, 0.03331018719161522, -0.1128451427801042, 0.15679053434097312, -0.042722128103050545, 0.011092059689678559,S
0.0, 1.9499930545523547, -1.6427367735665985, 0.6735190944668138, -0.2198482540440581, 0.4209109618987756, -0.6820698525395825, 0.672862207090537, -0.5125975051114947, 0.2685793374846587, -0.2350424239722824, 0.3781925839710274, -0.4904152831783856, 0.4600722483210974, -0.4279257280357472, 0.294258838760265, -0.2648275725993037, 0.32748543070590774, -0.2414259742473584, 0.11882436810340843,B
0.0, 2.440987964149749, -2.7565737731879003, 1.8754403659948722, -0.9941805532118572, 0.8412169962206412, -0.9333601065125748, 0.7509796843079009, -0.6896710793644746, 0.8657109492921191, -0.9439712897701587, 0.6797444231560642, -0.27756498621744075, 0.16804790702730593, -0.3675101629528212, 0.3865726912719482, -0.1480704600598344, -0.05704188455578817, 0.13345509182401696, -0.040024032775221666,S
0.0, 1.4548633512503086, -1.1636689993435574, 1.0682861385453835, -0.9597508180820165, 0.7911583356519343, -0.805383808475235, 0.8356825099046364, -0.7304047243698398, 0.6035022912897617, -0.6299936523251067, 0.6375466228314696, -0.6034011279230073, 0.5328546228897163, -0.5614063415046925, 0.44947818594101807, -0.25225789694618933, 0.28543853920106926, -0.12801339882869964, 0.03843622050819687,B
0.0, 1.4558542313991027, -1.0911020715631614, 0.9933996800153153, -1.0110682913692424, 0.8812891770688644, -0.9157401492356467, 0.9170693410008159, -0.8462608381314255, 0.7119805495447274, -0.6890673899986253, 0.7101917998618632, -0.6314606336943517, 0.49999720823856064, -0.47315329393412997, 0.41110249197570825, -0.24336735954909558, 0.2725124678360801, -0.12480944186183471, 0.05715451310271728,S
0.0, 0.9119923327123161, -0.27379824472151953, 0.4974806082110754, -0.8575896909776362, 0.31415425493764393, -0.6070193299159652, 0.6847742701624914, -0.1508830270775342, -0.05241339179599753, -0.2927192457992508, 0.15694384483982876, -0.1090042559311836, 0.09929078024720941, -0.10817391023786292, 0.021121316096151803, -0.031187845966191667, 0.11454257753218496, -0.08203631985582532, 0.03950084171238834,B
0.0, 0.8616596438190292, -0.1897963846070358, 0.5925239565560115, -0.8450075450447764, 0.16393450957377756, -0.6097513810071162, 0.6708480790201717, -0.09070063047150614, 0.07086020584316736, -0.3583633104627323, 0.143936404573386, -0.1346218049503577, 0.19893721209365578, -0.11306457525460224, 0.017492038822017594, -0.09422832770213269, 0.1451407634098407, -0.03467006116167575, 0.009286549673664907,S
0.0, 1.9451825945057188, -1.6349812634312983, 0.6669447164259696, -0.21090502729835056, 0.4050250821293276, -0.662451554312628, 0.654428043396621, -0.49922101134288643, 0.26021965007376235, -0.23444829457291266, 0.3842607896335125, -0.48975887175365496, 0.44615434224652856, -0.41689904802206496, 0.2981431995870624, -0.27103039867424245, 0.32689769948689645, -0.2385175481437571, 0.11681496750654712,B
0.0, 2.419590169029273, -2.7162880502671283, 1.854968502817506, -0.9985735971739258, 0.8297071452512875, -0.9053720502602731, 0.7391722009862036, -0.6958788862116022, 0.8771219918135552, -0.9807666728472101, 0.7578326455258904, -0.36443961104204314, 0.22441493111546976, -0.39370116840284797, 0.4100781722426951, -0.1832313353963307, -0.02494115570059379, 0.11834280399303373, -0.03624908476604553,S