0.0, 1.2660707291320106, -0.8130452341838703, 0.8405398378466248, -0.7297277461885981, 0.7658708255337261, -0.7401475155265044, 0.6278652141180616, -0.5763455731004379, 0.5602292627450363, -0.5779321145088785, 0.48574393165916513, -0.4582842313876299, 0.3944854721576636, -0.4022104056319015, 0.27068452361075224, -0.1457876005993904, 0.18181792793703067, -0.09425952361079756, 0.03507347761338411,B
0.0, 1.4948685909882171, -1.1739597468763754, 1.1773713469666174, -1.086503246928415, 0.9767700427303374, -0.9101290233463316, 0.7930572348175902, -0.6703778618869463, 0.6113716085161871, -0.6038136966713549, 0.5304132067533971, -0.5352098381815849, 0.46531185769541883, -0.461501677925542, 0.33114876042584124, -0.16074486917372552, 0.19650015603670584, -0.06669746325949656, 0.009256017181821355,S
0.0, 0.9164621747359213, -0.3854377057624107, 0.6001125932722648, -0.7333107701021077, 0.6502193450676327, -0.8053151576488295, 0.723755893384539, -0.530627060586803, 0.3861115641357377, -0.40329908705534806, 0.4095698020615184, -0.3529583753613563, 0.14947302081346917, -0.26553233429939066, 0.15525923238876257, -0.06331921111843572, 0.1378739090670958, -0.08218061982984984, -0.0028011215333540473,B
0.0, 0.9472773416170602, -0.3649624001191267, 0.5950829160072885, -0.6729146328752021, 0.4688037327271448, -0.8447917301676607, 0.6091314390382194, -0.34527159915286276, 0.33840187818108486, -0.2607241439015903, 0.32677572538183863, -0.4507796494611574, 0.1595898733521304, -0.2600952536254796, 0.26397312161306213, -0.1108622187140471, 0.17819647730470992, -0.18891948525511548, 0.057402666314812355,S
0.0, 1.8775680626595947, -1.3537312605672138, 0.41233337973164913, -0.0504911622721218, 0.3881053391133227, -0.6248961959557354, 0.5212947214965789, -0.5407256575469339, 0.6656496853187978, -0.5058350056457978, 0.24360470386044583, -0.233959443115461, 0.3369252635827529, -0.3856862886684566, 0.265533567604919, -0.18572937821088595, 0.1627152404713173, -0.08777248787062297, 0.034271102674538936,B
0.0, 2.295397058708053, -2.1789251801419263, 0.9870535718370339, -0.02607711747512892, 0.05323262051237771, -0.5171280081867753, 0.7108523067867379, -0.7637706052959441, 0.7668622977993781, -0.5704132248644687, 0.3050486318434198, -0.2956135815798788, 0.40283349688899633, -0.40551503873743877, 0.2335594892886616, -0.12647904365981985, 0.1342843425278324, -0.07646717663560282, 0.02255928796880806,S
0.0, 1.2636015079662568, -0.8084725204854101, 0.8348869142736752, -0.7202050205217468, 0.7516086290159487, -0.7247702297822314, 0.6131464830181207, -0.5612246768730054, 0.5422680218376565, -0.5607552092201361, 0.47063068039945843, -0.44428051657960127, 0.38090803562091424, -0.391309636503976, 0.2632896348462555, -0.1381777278398176, 0.17382540475872976, -0.08776066515460058, 0.03285175822547084,B
0.0, 1.5011189792209496, -1.1834760476015367, 1.1856708569704284, -1.0909344998479673, 0.9737863447341752, -0.9086933968166261, 0.7965078819380069, -0.6702150711947658, 0.6056846752137373, -0.601147461317444, 0.5320464153408434, -0.540331513793177, 0.46697753542487197, -0.46160355068883463, 0.3327771593674429, -0.1609266025851457, 0.19797194090990333, -0.06667512331677965, 0.008931617507765454,S
0.0, 0.9073692825123728, -0.3814061104855815, 0.6017128024942239, -0.7362870062093682, 0.6592410592475513, -0.8152345131535408, 0.7372135309035365, -0.5448490559163311, 0.40239840738637905, -0.4148151750292981, 0.4138453449841461, -0.35100494455025316, 0.14378880800957677, -0.2613106419187177, 0.14710114860882348, -0.05260983463162352, 0.13202586305595174, -0.07884236749483375, -0.005134611040071982,B
0.0, 0.9447613259824328, -0.3630776985589986, 0.5902411347692743, -0.6717369664068725, 0.4719240692003516, -0.8431505592666757, 0.6095968411967109, -0.34812204135826186, 0.32917529614105473, -0.25478256030562274, 0.3195510830963321, -0.4368216614165664, 0.14618302750933096, -0.24709060994284535, 0.2520731400476491, -0.10029514866214621, 0.16596286309110753, -0.17149006521633678, 0.04747521296137371,S
0.0, 1.8711791913442544, -1.3309202040153258, 0.38164621283741074, -0.022686707815257525, 0.3640179169166143, -0.6046169431987963, 0.5038635278094636, -0.5296278354639555, 0.6578246886077259, -0.4960663585150431, 0.235740830940154, -0.23197579148210695, 0.3336239932383624, -0.38131680784182026, 0.26408400428432877, -0.18864637755268043, 0.16801827122508792, -0.08849653551114589, 0.03319216469169543,B
0.0, 2.2369779646147316, -2.033467931241441, 0.853870808186456, -0.0076783931895774565, 0.11560040774643304, -0.5256952132653836, 0.5959909802768101, -0.5812276029216621, 0.6182499242160022, -0.5116340941651272, 0.31412140315064463, -0.3060067533061287, 0.3709008969024306, -0.34605161838928455, 0.1833976939971309, -0.10250220109428688, 0.12400571580520106, -0.07117256995200556, 0.02188782801372743,S
0.0, 1.2678979625218152, -0.8182907938678263, 0.844513867675101, -0.7277357713375763, 0.7550392499209252, -0.7298933769598173, 0.6221416167185982, -0.5695881631471146, 0.5477294675051949, -0.565244757288879, 0.4763417552106924, -0.4496751973849039, 0.38141788051108677, -0.39078369290322235, 0.26663828092973657, -0.13992042806825064, 0.17495643988450407, -0.08713069926419477, 0.031137479876720726,B
0.0, 1.4641172074092876, -1.1011928512409943, 1.0880835057337384, -0.9951227733230346, 0.8931695697334084, -0.853904033144465, 0.75973273765642, -0.6377629529354035, 0.5740356077863102, -0.569284501237789, 0.4916136861903077, -0.4862146782592905, 0.41458659140212173, -0.419445483059111, 0.30236691122209824, -0.14398149118118286, 0.19422594116301906, -0.06972867195740173, 0.010049481270425965,S
0.0, 0.9082144133941453, -0.37568525467199826, 0.5840596843326514, -0.7210145237177392, 0.6379906830308613, -0.7847966508804501, 0.7073775582972595, -0.5097862456958313, 0.36599200442724694, -0.3874708908943405, 0.38284999681454673, -0.318556446112529, 0.11948922693280738, -0.23843792717898588, 0.12941251009699697, -0.04123101004876958, 0.11799152891949899, -0.06743177599666673, -0.01050716100127467,B
0.0, 0.9476059438892848, -0.3581962036490749, 0.5768399508737394, -0.6731659344005001, 0.4721658014649219, -0.8405208381881357, 0.6136523271262277, -0.34515108366455277, 0.3303733999069518, -0.26733337036571486, 0.32751284296029026, -0.44242448059736866, 0.15459308375914865, -0.2473824731614224, 0.25255671382711464, -0.10718085412257107, 0.17071106801894986, -0.17936419508582171, 0.05278911341341411,S
0.0, 1.8808660769796588, -1.3467498192573446, 0.39392030989636834, -0.03102419525586505, 0.3685432808538542, -0.611198620243266, 0.5134836805058517, -0.5368933584488413, 0.6617664333390226, -0.5005721098225737, 0.24192242280890439, -0.23712755424323873, 0.33564732199815206, -0.38269043719745427, 0.2653365035454091, -0.18825055084347325, 0.16639116024367762, -0.08637869368561932, 0.032034871600959504,B
0.0, 2.237005832343753, -2.03466993554452, 0.8604167989926208, -0.01713148139477688, 0.11732753360080653, -0.5084790711030122, 0.5645736871811824, -0.5625969622552671, 0.6286020181217081, -0.5367219837451215, 0.328290944079971, -0.3008277806286997, 0.35969700263368104, -0.3415106717326076, 0.18833094301392447, -0.11341295845770338, 0.13705433404386627, -0.08030891916138079, 0.02457605359602032,S
0.0, 1.2741330257429853, -0.8334121874809484, 0.8591000506096843, -0.740499537710454, 0.7632766835090139, -0.7372069231450444, 0.6325476305859822, -0.580197887148, 0.5561099822515393, -0.5752470840639002, 0.48836543690929973, -0.4610876461196039, 0.38944819914399836, -0.3972785935720197, 0.27246720397602386, -0.14273924298800267, 0.1790228078780007, -0.08844758323084478, 0.0303852846097933,B
0.0, 1.4586698412396373, -1.0789538666130234, 1.0482010052969046, -0.9505846567505425, 0.8607950134266892, -0.8391591980189229, 0.7541512818617049, -0.6351550048302929, 0.575515159428744, -0.5778898632853675, 0.5046123340345173, -0.5033339201174524, 0.4328463945118431, -0.43011106560123896, 0.31729737117823675, -0.1607667014190418, 0.2055264885280763, -0.0803994197994796, 0.012238266245453383,S
0.0, 0.9101077914121212, -0.37926006627693426, 0.5883153205260769, -0.7266109591171708, 0.6386169294235399, -0.7834433629635866, 0.7046954294322066, -0.5047195158401906, 0.359981558405177, -0.3825305960669751, 0.3766540382436326, -0.31295178405156765, 0.11410909825390815, -0.23521364285909085, 0.12597971544639247, -0.03915048192425408, 0.11808474900884751, -0.06717592989109593, -0.010642865915040966,B
0.0, 0.9456791213663135, -0.36131725305027484, 0.5844416960901674, -0.6799657467088904, 0.47605361759928216, -0.8393706076545049, 0.6171670945812524, -0.3542223779311801, 0.32581178190920945, -0.27184298621799546, 0.331686711344074, -0.43286299383924814, 0.15345338596111358, -0.24909807999736563, 0.24889673614874402, -0.10356683535723181, 0.16564513194991626, -0.17330179216181382, 0.0500922155988107,S
0.0, 1.870382232466183, -1.3351547957228413, 0.39654896174521476, -0.04108807214178022, 0.37102830207841864, -0.5983424766230047, 0.49997838906159797, -0.5320501381282424, 0.6624786035789589, -0.5085120307874873, 0.26034553599873633, -0.25391336248608665, 0.3357655128305446, -0.3728389365806858, 0.2627326386902116, -0.19802029556049244, 0.17730284294919552, -0.09236759431179108, 0.03432349136964002,B
0.0, 2.2331394269770444, -2.0275614268999407, 0.8643629351812467, -0.03637124955814431, 0.14018831643246837, -0.5271574800070111, 0.5789262286693634, -0.5770103529684373, 0.6434129155244717, -0.5447632537096346, 0.32553833754295963, -0.2946270270655732, 0.36166582220505805, -0.3597800190933851, 0.21197055202491458, -0.12461420861647399, 0.1393614196340169, -0.08209837662990957, 0.02544473106578029,S
0.0, 1.2761062029967716, -0.8419452522761521, 0.8640631499039702, -0.743909068692155, 0.7633290898209667, -0.732450138413225, 0.637161218452593, -0.583532321399961, 0.5586424500991656, -0.5753324335025182, 0.4900084139940557, -0.4660955526379023, 0.39118836003403196, -0.401472007426241, 0.27756109489546954, -0.14911477808270412, 0.1831985545592731, -0.090300245447516, 0.03071355593195934,B
0.0, 1.467193917429815, -1.0931098461150512, 1.0597016993223631, -0.9589592532719259, 0.8619933727486734, -0.8387911186957328, 0.7595789837795484, -0.6432179146548809, 0.5784855417563359, -0.5770221053384486, 0.5045196955506775, -0.5077382579012896, 0.4375368792592267, -0.4342877512396967, 0.32193589451151067, -0.1616586311403818, 0.20711484759805812, -0.0799769064939293, 0.010067998811420608,S
0.0, 0.9094611417432914, -0.37700140501784485, 0.5815911417403397, -0.7315195654997926, 0.6468867952560061, -0.7936144169341548, 0.7190641711765408, -0.5241248881758432, 0.3805723573143008, -0.41026664765318943, 0.40560153445171027, -0.3383322491323967, 0.1364292866917734, -0.2575080686413386, 0.14418542256612793, -0.05298683221843302, 0.12886665634920907, -0.07329143527806523, -0.009192877746567699,B
0.0, 0.9451342300650839, -0.3488713100289886, 0.5537315002637383, -0.6571425115477683, 0.45832270947645415, -0.8145960476654664, 0.5966909483164833, -0.33085021326430347, 0.30550492339876967, -0.2582972794629988, 0.3244994741696596, -0.43157318208342044, 0.15459501977181705, -0.2493808967302147, 0.2511100337201713, -0.10736003345861964, 0.16631303189653565, -0.17159724617784367, 0.05146572940132249,S
0.0, 1.8541973260592302, -1.297465436772187, 0.36803567984238117, -0.042535446193744414, 0.38618919739004687, -0.60086304531926, 0.4832043175160172, -0.5063655582760825, 0.6325327168177746, -0.4745658953469114, 0.22974743049213547, -0.2394814785331888, 0.34079555768095976, -0.38406647798873833, 0.2632993490273516, -0.1852153216240137, 0.1618534338817089, -0.0831008284292249, 0.03157688731065407,B
0.0, 2.2413103594731987, -2.0455619622553955, 0.8784076653986934, -0.037194688271579075, 0.1300188451262835, -0.5203927981696898, 0.5873536871653828, -0.590170115329015, 0.6490186878026414, -0.5470018529365259, 0.33416861116786895, -0.30743273651850744, 0.369243631336295, -0.3618769632090867, 0.2132131860169362, -0.12532087632277258, 0.13736615553819573, -0.07848439948959045, 0.023339257386300383,S
0.0, 1.2211491611959986, -0.7513006511606799, 0.8629443929239745, -0.7816796067303788, 0.7662938203137607, -0.7320975819625564, 0.7135994456420484, -0.655101819830817, 0.6132562953846272, -0.6313309495368992, 0.5573989822284833, -0.5405920323735474, 0.45739076362878783, -0.4781325357967437, 0.33501082952566663, -0.20203384921875317, 0.2461862404189826, -0.10774222060028994, 0.021577895998491914,B
0.0, 1.513761355242176, -1.0710755500710607, 1.0614588090263668, -0.9984090764414922, 0.8473560858334565, -0.8667359940331025, 0.7792691451978049, -0.6769822990590484, 0.6811653992488599, -0.6746048619461417, 0.5933278107189891, -0.5818178005557052, 0.49604797141970275, -0.5164496982390685, 0.43519821034033557, -0.26375845980533874, 0.27975458334947934, -0.1300198085696138, 0.019767929846902597,S
0.0, 0.9180258407425883, -0.34191937580382026, 0.5268707200965255, -0.6939324504806518, 0.5585846980733469, -0.6542129734727329, 0.6530366116779114, -0.4760923165739198, 0.34180854268248184, -0.3907712926555306, 0.41080019326982586, -0.3620942443762541, 0.19938838497518968, -0.286227654926238, 0.18843742385867895, -0.09889858922242915, 0.13840094125226665, -0.10871374778253969, 0.02762981745828853,B
0.0, 1.0311787730545234, -0.41313606569636335, 0.5175546928041854, -0.7999901055800873, 0.5579844660499544, -0.8321617763945888, 0.7785449785037463, -0.5270746691756036, 0.2804984304155474, -0.3620030995397563, 0.44824098725872846, -0.43905018344568153, 0.22635165411269714, -0.34400079239423403, 0.23932143860142713, -0.10216216109963089, 0.1690903030305143, -0.1703002297690386, 0.04958280350036027,S
0.0, 2.0149978830270796, -1.6784989571116393, 0.6912013655171281, -0.10921930901933673, 0.327887817659, -0.5923043239951895, 0.5403842149605116, -0.5057232098697166, 0.5371619767229469, -0.476120563338079, 0.34951592407538173, -0.3343510912744945, 0.31442917104632384, -0.29671752420273445, 0.20876483234257048, -0.16442283087200435, 0.14665617177827284, -0.048878222150146367, 0.013465348397842062,B
0.0, 2.1807630918359693, -1.8621264246289913, 0.634870544910162, 0.08431217337205717, 0.2500719395346192, -0.8138203251657622, 0.8615147665043728, -0.6193153142074297, 0.4713662336108602, -0.3847171103993307, 0.2861334139926085, -0.3358824737322692, 0.39596185805540246, -0.40781529675751216, 0.24350830884274152, -0.1507675719638524, 0.21785330298868177, -0.1372991122212262, 0.03187426422512421,S
0.0, 1.223373002233835, -0.7531357963600868, 0.8636449749840027, -0.7805610500125084, 0.7618317022614095, -0.7281293089958315, 0.7094135701167067, -0.6508190464039753, 0.6062488413434916, -0.6255855993109196, 0.5525823033198932, -0.5351647525406266, 0.4508586102319473, -0.4712241576662893, 0.33036405165624144, -0.19683196646805848, 0.24159018834427226, -0.1021092921424168, 0.018439655164609277,B
0.0, 1.50362353126568, -1.0600001468077267, 1.0606544089241257, -0.9970689936147481, 0.835651210318622, -0.8455927299654479, 0.763273085169496, -0.6714191816148588, 0.6736122053624233, -0.657982744050783, 0.5761821393901838, -0.5699915032631314, 0.4862557358011019, -0.5040174517147344, 0.4250590555667022, -0.2582410662315803, 0.27396240139409767, -0.1218610448610461, 0.014269031531535374,S
0.0, 0.90390229035942, -0.3159262610407629, 0.5046103501924515, -0.6733744011632044, 0.5377895820488562, -0.635555676998866, 0.6336679020225724, -0.4524223369477657, 0.31664980692921374, -0.36709512512913645, 0.39249275784630955, -0.34378602704401245, 0.18149793717295748, -0.2714323644365738, 0.17586612372205576, -0.08732499581193567, 0.12955132019000615, -0.10191178586761594, 0.0236185993312646,B
0.0, 1.0247804466472734, -0.40468718220332284, 0.5102946780421092, -0.7961088369682174, 0.5480617558168189, -0.8247158169214709, 0.7722356555097508, -0.5212936079131265, 0.27393966402283787, -0.3561346163490181, 0.4436533515605568, -0.43599367612245205, 0.22269026541525705, -0.34467020541585014, 0.23735717257115505, -0.09907555108048274, 0.1670192802382956, -0.16770126749342396, 0.04908846722391266,S
0.0, 1.9990760920537471, -1.6378931494947888, 0.6427677082134959, -0.0694339566191648, 0.29431482961769795, -0.5509863584512584, 0.4950242557156538, -0.4707092416327725, 0.5149880068724206, -0.46255664990024187, 0.3410315425683395, -0.3279590613424493, 0.3069245952283928, -0.28842198892426785, 0.20421421888431066, -0.16593093883331816, 0.15054017733266703, -0.050854416053181424, 0.013655006088857337,B
0.0, 2.1434350410959166, -1.782234120576926, 0.6050696476912731, 0.024019203208744757, 0.2938900762809526, -0.732966160515538, 0.6929269265127637, -0.49999395445950184, 0.47907609308026045, -0.45725666745023175, 0.3123088196210173, -0.28472974855067024, 0.32297532663217504, -0.376043964177686, 0.25172150124538883, -0.1611236650119566, 0.21414716446080878, -0.1274639938749597, 0.027489782864051928,S
0.0, 1.2331769771798002, -0.7725700280602801, 0.8778856120961394, -0.7866470651980466, 0.7595786647563105, -0.7254708906441381, 0.7109005420478405, -0.6496875534913726, 0.5959545389333366, -0.618023344565229, 0.5495388837014026, -0.5310867240981039, 0.44485133442305363, -0.4721838332945685, 0.3325940416744308, -0.1920346967724459, 0.2399480470355857, -0.10110770907333846, 0.01830119277924079,B
0.0, 1.5179404999338624, -1.0834032108690275, 1.0789575908093334, -1.010353360310047, 0.8436611708395654, -0.8594216888912488, 0.7796867453024582, -0.6839114107799584, 0.6808098799167669, -0.6668859256328822, 0.5879956641000484, -0.5792469505319295, 0.4907679909241676, -0.5117499121938086, 0.4345146544404975, -0.26117293108899364, 0.2787519094788363, -0.12577770500165766, 0.015481955127349737,S
0.0, 0.9100661623019887, -0.32749753404630433, 0.5148694776548909, -0.6845463574312176, 0.5439766918999487, -0.6439603279781878, 0.6435009913930929, -0.46192281629367943, 0.32629889043786514, -0.3776501747408129, 0.4028410616957836, -0.3516050944215077, 0.18616533115417996, -0.2759675547700006, 0.17831860447034656, -0.08747507938486739, 0.13029476223204597, -0.1028513457592128, 0.0245032892928436,B
0.0, 1.0218359475820022, -0.40063764313117606, 0.5068177261629241, -0.8002961344880685, 0.5599649624267327, -0.8329009859808613, 0.7826496911101571, -0.5385173048184021, 0.2902978304813606, -0.38367506743957625, 0.47842099953848644, -0.4650020175511013, 0.2528920553944538, -0.36573431583151567, 0.25686327424718375, -0.1198698610725132, 0.1844286589818422, -0.18094831403756229, 0.05486123012361027,S
0.0, 2.013064032103546, -1.6555269423717809, 0.6497540267790602, -0.07197386206927944, 0.29606104967086005, -0.558381161012042, 0.5013719128937684, -0.4714021553573347, 0.5156247631922077, -0.4667024281048572, 0.3420651735785056, -0.3284617150452364, 0.3109349752375586, -0.2897318633073147, 0.20510420304991098, -0.16316909587330347, 0.14979468489103723, -0.05330016818691783, 0.013449514630962502,B
0.0, 2.136333338408402, -1.781536566400306, 0.6216441573476018, 0.010474506712639341, 0.29399602366733985, -0.730746064780117, 0.7027996060894572, -0.5150102417808674, 0.4819776282682596, -0.460013843801361, 0.3274369586410635, -0.2999615420529743, 0.32980813998925185, -0.3798120924000056, 0.26179959605986197, -0.17332083823796152, 0.2199983163577028, -0.13123413810851928, 0.02986715592520183,S
0.0, 1.2334424060839773, -0.7700890176483207, 0.8745841371170033, -0.789587257745594, 0.7688914854222396, -0.7347651972950151, 0.7180910086599606, -0.6573976307177248, 0.6074203741841443, -0.6302964630443818, 0.5609330706842983, -0.5404462630745568, 0.4545907443368729, -0.477377336440959, 0.33415736280762565, -0.19651315341727316, 0.24301584009771193, -0.10252115701147413, 0.01826402809645476,B
0.0, 1.513652189775515, -1.065613785062709, 1.0505959873975026, -0.9666323012103596, 0.7793927095021467, -0.7808874103417307, 0.6868138750992084, -0.5849917216365909, 0.5784467531614813, -0.5609524106106012, 0.4809359912726813, -0.48238189126762393, 0.4094406095962262, -0.44756218785298096, 0.37636639052221377, -0.20803914388366426, 0.24480183533673905, -0.1120049337105045, 0.009853467711547796,S
0.0, 0.9070176458138439, -0.3174038796582681, 0.5051204338142933, -0.6811097128232421, 0.5398374879404558, -0.632924340488915, 0.6340425169954944, -0.4508326312618656, 0.316294450376529, -0.3778041917795212, 0.40426468279056255, -0.3465215088137835, 0.18498306687782173, -0.27123908633598964, 0.17480420883351627, -0.08706851433376321, 0.12978350684079595, -0.10284539433791447, 0.026294767491451168,B
0.0, 1.0350771415067168, -0.41569115335544143, 0.5293900480273446, -0.8299436723759384, 0.6028926118144116, -0.8879976382158818, 0.8504181835366363, -0.6074395758706326, 0.3550078193775082, -0.44071219352129637, 0.5369584662526244, -0.5178512246459254, 0.2904723988018307, -0.3943520899141699, 0.2742538551509742, -0.12673914903300257, 0.18543211821364228, -0.1774715767726485, 0.05221891686085603,S
0.0, 1.9862430238676043, -1.5913903023130684, 0.5953094608027044, -0.06651640903983426, 0.3154984053527986, -0.5484298686255925, 0.4460175278745101, -0.40581383091518486, 0.47737952310620685, -0.4566913425609739, 0.3336665596883688, -0.30590407516753626, 0.2856870326251146, -0.2770614551189421, 0.1949515097931816, -0.13946184214422516, 0.12270451812750675, -0.040615376458680345, 0.011840451117127344,B
0.0, 2.1364649407625236, -1.7826200668038161, 0.6225602896740923, 0.010774544767076137, 0.2935753453111965, -0.7330143026178463, 0.7068282792855995, -0.5160059012756849, 0.47993653613113346, -0.4565137952156414, 0.3234594209572867, -0.29399354800026517, 0.3213601209257686, -0.3741223119266579, 0.26079905944794934, -0.1728518344475547, 0.21720917928403558, -0.1283208144115012, 0.02892409140129311,S
0.0, 1.236037492877604, -0.7741645618472475, 0.8778707474748104, -0.7907238448091561, 0.7662645718531333, -0.7330383302604565, 0.7175116757128558, -0.6574832014703076, 0.6048398479415391, -0.6273456019280317, 0.5595576204811782, -0.5380111048173969, 0.4524562104895548, -0.4775038813901516, 0.3349125029372066, -0.19520195733502652, 0.24415884876225705, -0.10379201881082052, 0.017656888727944783,B
0.0, 1.510494158500507, -1.0481233213465135, 1.0215367210490531, -0.9499768160963169, 0.783057868325588, -0.7973596814781907, 0.7153547511688956, -0.614247651250316, 0.6099839346549953, -0.5967832282088987, 0.5151768778754326, -0.5049639778870163, 0.4305980010878804, -0.4572818851950749, 0.38867617280423905, -0.23599255471402308, 0.26292408809518303, -0.1208616668012296, 0.013234108709485565,S
0.0, 0.9067058147316243, -0.31590033656716693, 0.4972005755248265, -0.6697456085224387, 0.5288370859774235, -0.6174830889025286, 0.6117050282913347, -0.43367257328161085, 0.3034932622646954, -0.36661621036596775, 0.38940608284303607, -0.33622034294124387, 0.18107524297029337, -0.26020388503982644, 0.16556665248415334, -0.08600642300302476, 0.1245303933115077, -0.09696062731497876, 0.02627382792927006,B
0.0, 1.0414756370798082, -0.404789859577409, 0.5131222918430657, -0.8031434947541611, 0.5766950524718208, -0.8375571120227598, 0.793323090933055, -0.5422396313629438, 0.2949139316424705, -0.3734849595798791, 0.48327853306735424, -0.4652228642136126, 0.24694450675297028, -0.3570986369443425, 0.25227443678659295, -0.11137599122322196, 0.1813653262863869, -0.1764739412902084, 0.050830046027961304,S
0.0, 1.988376481822393, -1.5989835334150828, 0.6083051417842353, -0.07695032179759026, 0.31688339966189516, -0.5515508564575186, 0.46246379520571884, -0.43111899809458487, 0.4967421200342703, -0.4666061787946629, 0.3470391413258658, -0.32780404364039495, 0.304844474743568, -0.28840058356598736, 0.20514137962299098, -0.15230802434322852, 0.13338723750438286, -0.04430252315183908, 0.011756599906805188,B
0.0, 2.111402497805471, -1.723309653771702, 0.5830946124224309, -0.012572226450051117, 0.33409999419724934, -0.7094384473508633, 0.602157080521816, -0.3959457391822604, 0.42309260224164597, -0.47068726693339613, 0.34372453829639654, -0.26322407986404334, 0.2572773183103638, -0.33153146975969566, 0.24465244578935966, -0.15707927329372565, 0.20091513390321536, -0.12141986574992583, 0.02831349003112667,S
0.0, 1.2682577816377656, -0.7616426620069187, 0.8472082554799608, -0.8469338981955714, 0.9191705935125132, -0.8920020218146999, 0.8036481120728769, -0.6760362746319183, 0.5926866246229112, -0.5755115591376835, 0.505216065133833, -0.45935124118893284, 0.36717406135355296, -0.3717043250958363, 0.2071502044194164, -0.12371415907459386, 0.19055916650404106, -0.06835629227067937, -0.004893860335066073,B
0.0, 1.4312061358770634, -1.0254845294083212, 1.0948612398912005, -1.0318555485180458, 0.9145025125000709, -0.9299988801535554, 0.8535236057285972, -0.7347557875645319, 0.6594372773890976, -0.6426895093161924, 0.6020705808337268, -0.62286690294481, 0.49056588814573104, -0.48474923340330195, 0.3302521236946875, -0.14481262652430754, 0.21622400811878045, -0.08650570146539469, 0.014826272206577371,S
0.0, 0.9075847499624325, -0.35699056198799684, 0.48425283298515576, -0.7141383159271139, 0.5129247331693993, -0.5674690348454672, 0.5826934109683908, -0.4124149461506822, 0.23032222592240298, -0.3097336003687702, 0.33662862249529185, -0.30129788774315613, 0.13480682135944497, -0.2411250238592931, 0.14997869118609627, -0.054787411896811786, 0.11185721839337537, -0.11491673138371632, 0.037340844833066926,B
0.0, 1.0701715098572484, -0.5022364653686936, 0.7199967272808994, -0.9630050066990944, 0.65378195110842, -0.8163087487686794, 0.8751091038952246, -0.6210651858460111, 0.3384682445057954, -0.37227079239795396, 0.4730743108586804, -0.3972922424752334, 0.2532649566739723, -0.3942635869507669, 0.290350229062891, -0.14071897681250012, 0.22093250379814466, -0.20735800122662762, 0.07797065730859822,S
0.0, 1.801727542198936, -1.2820865268448411, 0.43720584013945774, -0.23778987768408025, 0.6484415776406987, -0.6398155024090134, 0.3032749590563036, -0.3230382102124612, 0.5836831311555265, -0.5172381031443904, 0.22225250945631347, -0.20653480763391138, 0.2598823991787688, -0.31491815703976195, 0.1986560489474624, -0.07488661205838239, 0.13304081682290606, -0.10013279778481586, 0.026624434730102602,B
0.0, 2.1834309857145033, -1.970528634119174, 0.8745496610119406, -0.19141018694775017, 0.28715635366960834, -0.5029267022260536, 0.45741226417774217, -0.3778343922451039, 0.40621363906014174, -0.3889747338232657, 0.32637756890998865, -0.3281512322740921, 0.29087955151951933, -0.3029505311254467, 0.2330874829556578, -0.1562705670478439, 0.16100246322083547, -0.08533485230231516, 0.026886647975999326,S
0.0, 1.2677001263943415, -0.7583046094453793, 0.8415156589415453, -0.8378810987504559, 0.9071195161309827, -0.8791338457326802, 0.7909393227343177, -0.6611575603983915, 0.57462842114294, -0.5575582428427249, 0.4886648856599388, -0.4444144001607037, 0.3517982991241002, -0.3577957325690888, 0.1965412642977118, -0.11548198090202984, 0.18535963630774438, -0.06417779898392825, -0.006653886294932904,B
0.0, 1.408657567997613, -0.9739359821447545, 1.0391639078624262, -0.9820744920733249, 0.874289874620189, -0.9037867014805022, 0.8412906733681461, -0.7255870569673369, 0.654751744795457, -0.6269480473513652, 0.5731872528801737, -0.5805550468125128, 0.4493866834320973, -0.4552336335965381, 0.31233156692596303, -0.13933774311407268, 0.21940738702793777, -0.09757278734122382, 0.020891657685054472,S
0.0, 0.8895542145286682, -0.3291746604751264, 0.449480361516404, -0.679904479465226, 0.47711511593475325, -0.5296144730225134, 0.5390672129131998, -0.36635438777774637, 0.18676138679967744, -0.2736944684414971, 0.29787397443046726, -0.26377137816349266, 0.10118604674406732, -0.21487744289091115, 0.12594043579503933, -0.037950502378100257, 0.1008579936980283, -0.10458493484710936, 0.03230572461526043,B
0.0, 1.0669346772555952, -0.4988966922571313, 0.7204172690038544, -0.9740419329764853, 0.6691906541868945, -0.8351178696444325, 0.8989432926196794, -0.6403401464431122, 0.3562656969759564, -0.3852255758849049, 0.4844898996970111, -0.40305739676547525, 0.25806143344600596, -0.3972740853482309, 0.29107488099772355, -0.13078482735134966, 0.20907433598932085, -0.1997767022814869, 0.07284709191400876,S
0.0, 1.8019212388752923, -1.2617982531197884, 0.3971177124682426, -0.19634730818676185, 0.6159056056307664, -0.6115004748022305, 0.2700697188023272, -0.2939371389320483, 0.5613807810590737, -0.5038219302661415, 0.2092731847675168, -0.19328468532024656, 0.2503933044560196, -0.3078965314637714, 0.19476662643355122, -0.07304554305984196, 0.13389064277093113, -0.09927358858578796, 0.024601909356436583,B
0.0, 2.172450383065995, -1.9433526824724556, 0.8490245418604649, -0.17907588716988654, 0.2778666256711388, -0.49226254980920064, 0.4498365274576917, -0.3739781824141783, 0.395815985667409, -0.37116290696982956, 0.313592027617433, -0.32353451450449267, 0.28652948078779605, -0.295469838798609, 0.226662890574129, -0.15189459751757567, 0.15649750885284103, -0.08169060895245281, 0.026112835759563864,S
0.0, 1.273324831210172, -0.769310248371804, 0.8522355632474728, -0.8459469793769628, 0.9116963567227009, -0.8860813784136975, 0.8018923832408527, -0.6712326632223863, 0.5815580928408556, -0.565440229188044, 0.49910257520449647, -0.4552426755510194, 0.3575708889787314, -0.3640308231600101, 0.20581902401746324, -0.12078190933379059, 0.1884845683137177, -0.06508357286073506, -0.006530813076633947,B
0.0, 1.410809963468933, -0.9785669331512764, 1.044929117079945, -0.9833512761165459, 0.8665739238965372, -0.8963559454596806, 0.8382788512664396, -0.7210439866073636, 0.6444003100649741, -0.6197448353017657, 0.5704093611938658, -0.5798416353322673, 0.44668545146045946, -0.45320761876728766, 0.313103112051985, -0.13941104108406327, 0.22511669945290208, -0.10286729512891422, 0.021762819065964,S
0.0, 0.8888161715956832, -0.3313570893027334, 0.4539488157500209, -0.6818592128913213, 0.472829849786305, -0.5252503271503619, 0.5361290771744514, -0.36531658979462395, 0.1876695395246338, -0.27627386549238153, 0.29969780143249536, -0.265620981548271, 0.10334125989560386, -0.21571337957615697, 0.12514380138015055, -0.03844411201877397, 0.10208477404429737, -0.10725554435173645, 0.033973855282408615,B
0.0, 1.0781522609455543, -0.5010195833871038, 0.7194892103579478, -0.976407103239358, 0.681546238276808, -0.8519313202271326, 0.9190486538031797, -0.6672018759540689, 0.38673056198040395, -0.41447186100853906, 0.5167287956349274, -0.4338695789160324, 0.2796409483315195, -0.41252297239666147, 0.299888857797318, -0.14186959361939466, 0.2233618656068235, -0.20656421775160888, 0.07450830590814868,S
0.0, 1.8164437377750087, -1.2752123695927446, 0.39629706275030363, -0.1872610345864157, 0.6098282870190002, -0.615682748586381, 0.2722750196122472, -0.28989063353312444, 0.5551335510952071, -0.5078703459317362, 0.2130711803165787, -0.19076089798206766, 0.24645635120501755, -0.3053954546760043, 0.19395900797070448, -0.06790924768415016, 0.12776630952640622, -0.09619499524900625, 0.024832211895823193,B
0.0, 2.1382508062881165, -1.864470090458601, 0.7933321765862842, -0.17869504167678346, 0.28458534905505195, -0.4645170883559977, 0.41985642653680855, -0.3670759926007802, 0.38637756168943166, -0.3467572423486077, 0.28950899611777214, -0.30785383520973, 0.27333429659871844, -0.2856886550671869, 0.22520941060879196, -0.15989521538914156, 0.1659384433782593, -0.08136450402245411, 0.022846487643418435,S
0.0, 1.2768089482737435, -0.7737710312742185, 0.8588952987170845, -0.8530993834915608, 0.9143478506364886, -0.889540419108849, 0.8069228849268671, -0.6772809229833454, 0.5872772285803008, -0.5715281938720211, 0.5050067459309439, -0.46068887543816744, 0.3626246809860917, -0.36979860483009824, 0.21152658636049715, -0.12434039069787427, 0.1923862239584036, -0.06605417444909327, -0.0077410806376754715,B
0.0, 1.4092896401907848, -0.9766104206797593, 1.0447928968166509, -0.9834836617675637, 0.8656234496114049, -0.8947088212428551, 0.8379747344239187, -0.7226093846521661, 0.6461194876380446, -0.6206671151884352, 0.5710352146122332, -0.5816570840227866, 0.44903739276846716, -0.45497859036855387, 0.31479376021379063, -0.14168462787543096, 0.227927281544066, -0.10486070058381296, 0.022327006980738463,S
0.0, 0.8885090561317877, -0.3358927275738199, 0.4640998172671038, -0.7000559870411375, 0.489684122636023, -0.5416251848668386, 0.5526258173671109, -0.3766775987437526, 0.19239915502762853, -0.28166457266845496, 0.3079925724932496, -0.2729187385023758, 0.10651377323203132, -0.2173711903615092, 0.12761821308268437, -0.03969523677911843, 0.10335424948337989, -0.10642525041545593, 0.03120169464033482,B
0.0, 1.0704771688643302, -0.49049005279725255, 0.7126169934342699, -0.9710060615294461, 0.6765610829168021, -0.8450884412378231, 0.9170758765006225, -0.6699495249376768, 0.37708999663185083, -0.41454380637731686, 0.5137614837050184, -0.4199210720772282, 0.2634653324052032, -0.39873374136845197, 0.27767719173797356, -0.12421132717690131, 0.20961324575585344, -0.1949029809729541, 0.06586311562238784,S
0.0, 1.833869974714036, -1.2974688855852965, 0.407870705070465, -0.1889982082219633, 0.6132500945219911, -0.630684292284726, 0.28693661692900546, -0.2993643942395313, 0.5614085022828704, -0.5211655893185596, 0.22325943978980575, -0.19227293610056456, 0.24730637306034414, -0.3117326967585455, 0.20699022029502995, -0.0780393965939064, 0.1327200200575664, -0.09874897102928232, 0.02576838724142005,B
0.0, 2.124347618028029, -1.8436447538899075, 0.7902938688965102, -0.19005293186033187, 0.2864008202390876, -0.4559869066662646, 0.4145309403418963, -0.36439246189373886, 0.3789112854988683, -0.3375173100881768, 0.29120496389471195, -0.31193977893473973, 0.26826727074075524, -0.2793565576402998, 0.22693255793312309, -0.16428465311225876, 0.16557864372562028, -0.08060305054929387, 0.023134289358157915,S
0.0, 1.2740025911922757, -0.7717052868044305, 0.8533660334976955, -0.8454954176531185, 0.9078303015826181, -0.875616635807914, 0.7912976304293883, -0.6581987356377571, 0.5660249478421455, -0.5535153390182838, 0.48683701831928966, -0.4406404304333863, 0.34364160032376023, -0.3558558464004253, 0.1986377354500222, -0.11337770217441097, 0.1837695012308785, -0.05918780841181663, -0.010405594389990504,B
0.0, 1.4183740569414776, -0.977562631830956, 1.045037261156883, -0.9850580831195632, 0.8672200711257891, -0.8990602993020599, 0.8310716574027835, -0.7147589771017316, 0.6390682760292441, -0.6150905423527209, 0.5709109506664037, -0.5858510035706962, 0.45367695451552303, -0.45510071788965656, 0.31628074967902997, -0.14525428092538908, 0.22668401141743436, -0.10628089321162879, 0.01857435938395996,S
0.0, 0.8852644361346734, -0.330783289165789, 0.45591658631317755, -0.7001941617655839, 0.5006850016880019, -0.5553925843550787, 0.5694399468411323, -0.4045025971564986, 0.22290960966419623, -0.3199369076553118, 0.35133333848024784, -0.316082178196432, 0.14560049371241118, -0.2515133204431527, 0.1515026304706677, -0.056393230503003954, 0.11977519235830016, -0.1258745447772867, 0.03928418218557311,B
0.0, 1.0732487806377142, -0.5018993129203089, 0.7262029748017189, -0.9892986380973022, 0.6927340319297959, -0.8633527134575171, 0.9393433057615346, -0.6874901780063927, 0.3893040844739157, -0.43326177737069627, 0.5372549615225607, -0.438726868907008, 0.28079944647265487, -0.41880842333562696, 0.29395340224741257, -0.1364565569433513, 0.2190719582402229, -0.20319145692318497, 0.07082564926673006,S
0.0, 1.8383362927170632, -1.3061985852591493, 0.4176930716033957, -0.19582939015511858, 0.6137151804071694, -0.6294385446109798, 0.29018781906338614, -0.306898891275468, 0.5661096424578106, -0.5207434730795435, 0.22238669272403622, -0.19330738213323806, 0.24869497192433873, -0.312118236475586, 0.20700305794073312, -0.0771984660606274, 0.13026397186889901, -0.09469555033810065, 0.023115334808958662,B
0.0, 2.1010095560454514, -1.79157545635586, 0.7564140561206965, -0.20725447150398355, 0.3248725154914133, -0.46515570290248526, 0.3787730030608502, -0.31434600234958476, 0.3477686506893385, -0.32778359972106885, 0.28835251789354416, -0.3067632725428389, 0.2650595607752295, -0.28285433255862, 0.22384727967943563, -0.15069597918177322, 0.15478056712420588, -0.0797179623360806, 0.025465596378540963,S
0.0, 1.1937511807691459, -0.6940105376470527, 0.7625650762899898, -0.6507087055802154, 0.7223923536153288, -0.7064564959814275, 0.629864172444982, -0.5364578546983833, 0.5184409630936483, -0.5589985384683002, 0.4601567798908569, -0.4375344210625127, 0.3878287732689832, -0.41163595219836024, 0.26211378194369694, -0.2088164834647477, 0.25416794756981953, -0.09233074831418155, 0.02099568324731312,B
0.0, 1.3581902647440611, -1.0548801607413074, 1.1480569237722504, -1.0585827217587491, 0.9387727429412074, -0.929807880184409, 0.9083983334391763, -0.7613344339360607, 0.6635382971853657, -0.6677151756953147, 0.6361674938844042, -0.600259107918619, 0.4694147202334858, -0.504422009648171, 0.3861393110525226, -0.23211079953898475, 0.2305441038641747, -0.07055669685302574, 0.008970912074038908,S
0.0, 0.8615166964867693, -0.31694054349831774, 0.4232073091359082, -0.6369897354267143, 0.4328834910051411, -0.5331505153644016, 0.5522162551067115, -0.3670460806118039, 0.15047492036069748, -0.2615539088038123, 0.2587148191650784, -0.2343414045686847, 0.06955529758771234, -0.2293933988390041, 0.13921819612625472, -0.04561299167937363, 0.1091287144823573, -0.10416033523202475, 0.027848367465003323,B
0.0, 0.946172648035854, -0.3482602273429354, 0.47455030793418, -0.6915401982050358, 0.3423450980368627, -0.5562989397580336, 0.4018055441573908, -0.22318779067713865, 0.11691745564268723, -0.2559113224659898, 0.3097445154279821, -0.30030560992856364, 0.11558763054734413, -0.3551489145801431, 0.2987673925931661, -0.13465973541120335, 0.18825283190942485, -0.13988403259421228, 0.019473392665353854,S
0.0, 1.9268294618486164, -1.3882208485583454, 0.35799901886428015, 0.04413463148981415, 0.33287130593938774, -0.6174740380054632, 0.5561520858574172, -0.5782121636645229, 0.5946349537958553, -0.3434999800140508, 0.04741232839899222, -0.14643746979483402, 0.3511669926281815, -0.4188417961695648, 0.2748556462208158, -0.10210762852823296, 0.06499471193490695, -0.015574467933477597, 0.003859914947918887,B
0.0, 1.9114934538432493, -1.5780689183815382, 0.8722056097379681, -0.49270894891659234, 0.46514660615666553, -0.4913559338364056, 0.4867644728766241, -0.5191189710995286, 0.4946053913028172, -0.3954869835348469, 0.35136823526784594, -0.41953659438847485, 0.3979703384390101, -0.43735189338176045, 0.3660398420898786, -0.23675923455869136, 0.1492364695606741, -0.014065913330390506, -0.006108674700831726,S
0.0, 1.1934375337033967, -0.6943241620405284, 0.7635646412127701, -0.6483041823852259, 0.7152426606512555, -0.698057805169576, 0.6232753402723292, -0.5294716339026428, 0.5086788075831683, -0.5503755555604201, 0.4533898354983685, -0.4310817209426835, 0.3797791236017407, -0.4047764724939056, 0.2577367700241761, -0.20488731226390614, 0.2508589585062278, -0.08686140134048459, 0.017906594258605878,B
0.0, 1.434998808486483, -1.0580523067575023, 1.1305653480149107, -1.0909594097854631, 0.9397218422786516, -0.9592804060222826, 0.9063704904428567, -0.7578648008830613, 0.6706013939809117, -0.6761903283019132, 0.6350080160658773, -0.5991569404811431, 0.47324855942306865, -0.5022693764946788, 0.3899141005430093, -0.22921899674929455, 0.23473559036209832, -0.0658161836706041, 0.006512563428611525,S
0.0, 0.8466163839193038, -0.2933470326215935, 0.3992180203193928, -0.6150255941508982, 0.41206707274165877, -0.5114206652781372, 0.5296420806652963, -0.34412171170893063, 0.12592134343424735, -0.2399087825122847, 0.23933120238851902, -0.21589800403448325, 0.052130958115614384, -0.21398756005052816, 0.12477478283571963, -0.03319165744563012, 0.09842946794399449, -0.09615493225664994, 0.02234635228759918,B
0.0, 0.9367502593493711, -0.32280858297644244, 0.4570463052174933, -0.677902541219363, 0.32793032720531473, -0.5385641706075934, 0.3946675264789377, -0.21621030283389311, 0.10967391874373603, -0.24981414450432196, 0.30134805529536357, -0.28259330595691917, 0.1101414170474601, -0.3427835540084274, 0.2826337827017341, -0.1287957102134846, 0.17921924784200982, -0.13145460125904063, 0.020403915473860983,S
0.0, 1.911015639033028, -1.3510146381118575, 0.30869444026350246, 0.08990986168928877, 0.299509234082959, -0.5896426481885899, 0.5279490320004941, -0.5444761224130702, 0.567133898776619, -0.32974320923098327, 0.0370552502781616, -0.1338336434737964, 0.33856451164128276, -0.4168754996203381, 0.2799348323254316, -0.10450627302077009, 0.06499261935348875, -0.0155714379898582, 0.004904538863881567,B
0.0, 1.8905384415240276, -1.5416247786175652, 0.8524274941273735, -0.4930036773216874, 0.4647613537369257, -0.48336394078941447, 0.48337383901369574, -0.5219411444238993, 0.4927907596971764, -0.3875865751787928, 0.3469186358294714, -0.4192117747654258, 0.3965349234879185, -0.43639387855304634, 0.36769710304803344, -0.2360247424466327, 0.1428185733345684, -0.009070023637023951, -0.007035884611984376,S
0.0, 1.193463890054296, -0.6958284931842553, 0.7639742057054947, -0.6468540594329613, 0.7122991932278091, -0.6927901179321999, 0.6202973665665397, -0.5280543322838186, 0.5052590128859358, -0.5471621712684239, 0.4514013659161198, -0.42966449683910934, 0.3786054066648638, -0.40539304757903144, 0.2587491037480385, -0.20455409374561026, 0.2527320117772094, -0.08717649130945525, 0.016880126088893437,B
0.0, 1.4370962871023374, -1.0652458584719309, 1.1285707371952667, -1.0801568610037173, 0.9280485689294689, -0.9511255518019095, 0.9002383974624961, -0.745738507513414, 0.6538426364500147, -0.6634150947760225, 0.6253523824985475, -0.5900104667453128, 0.46091289845889954, -0.494253089659835, 0.3935422791460665, -0.23134512834487064, 0.23036374251912808, -0.06282540805675146, 0.007201401621796216,S
0.0, 0.8486749494926535, -0.2920778164632082, 0.4016703002191369, -0.6243834203798505, 0.4256000034840218, -0.5274275318712593, 0.5467434612383637, -0.36390462261255757, 0.14373551020767453, -0.2623586287408569, 0.26202334121758963, -0.23160588690280115, 0.07131762154280576, -0.22509461393107852, 0.1311337453565702, -0.038317036644878226, 0.09919916067337714, -0.10193373250179716, 0.02547734873793763,B
0.0, 0.948032129664829, -0.333965055547734, 0.46344448888172773, -0.6815462014607216, 0.3358953176703686, -0.5449099428702484, 0.3952744055052858, -0.2109151597411683, 0.10536870515972906, -0.24224197394124228, 0.3004892321040841, -0.2837251037102961, 0.10436926606504118, -0.3431310122182713, 0.2840456903233016, -0.1286528909882849, 0.1811386909425523, -0.13316923199808414, 0.0177493891422993,S
0.0, 1.9078313852005222, -1.3478512125591375, 0.3102320377657114, 0.08783361873545806, 0.29811157000215743, -0.5899505802151654, 0.5388182397104877, -0.5646100241211325, 0.5838105761779806, -0.33397299036351535, 0.03336003519126246, -0.13122632109019167, 0.33842422497592684, -0.419232380422004, 0.27972338832002885, -0.09550253014169832, 0.05209545762005192, -0.004925755713412187, 7.835438930067253E-4,B
0.0, 1.879042928038121, -1.5143859309477226, 0.8285942862900971, -0.48664989041386014, 0.47394686481626425, -0.47926196274055066, 0.4498573194793341, -0.4836894547443376, 0.4768898233185514, -0.3887666267047839, 0.34549338436192084, -0.4083347998651797, 0.3881954209071201, -0.43596343220379835, 0.3668736183918546, -0.23634094075745063, 0.15524515345544387, -0.02737599529200468, 7.725680365471958E-4,S
0.0, 1.196525451117489, -0.7006677863782741, 0.7698351632840724, -0.6522121080687056, 0.7133538521166368, -0.6941713892962782, 0.6238454852437813, -0.5312974226906912, 0.5067294449671405, -0.5474554081459493, 0.4519508310810906, -0.4317405822570122, 0.3801155313037357, -0.4074731604288658, 0.2598721571329911, -0.20426452704425482, 0.2546948495055477, -0.08751706853613851, 0.01581378571974351,B
0.0, 1.4150677750451361, -1.0058792738464737, 1.048748568289129, -0.9985944527090019, 0.8445902299363519, -0.8774275735009074, 0.8425428430782523, -0.7094110382142745, 0.6290144405171421, -0.6489047185899962, 0.5989384230020453, -0.5518179407534752, 0.431908438829288, -0.4578520313806312, 0.3564642639671841, -0.20850785590381782, 0.22152575940307687, -0.05823630609636739, 0.008885849924864691,S
0.0, 0.8517644549971872, -0.29602855299688474, 0.4072223336626224, -0.6322884780714949, 0.4282930228342566, -0.5315626207784437, 0.5494192299580993, -0.36354031160699674, 0.13989536656405863, -0.2582801672116033, 0.257898091515933, -0.22496683819261346, 0.06444137774677941, -0.2224303094250106, 0.127938406439147, -0.034791295965911975, 0.09716463005317634, -0.09996570360961607, 0.02374213718779856,B
0.0, 0.9471199102784883, -0.3346646130583952, 0.4632802968353085, -0.6813417268724984, 0.3363662452414523, -0.5449111304835038, 0.40132892773366985, -0.2169793067887318, 0.10692272536965344, -0.24667478396167108, 0.3032900986857105, -0.28358451751544966, 0.10578062152429361, -0.34073036926311323, 0.2829766929949504, -0.1318267843144122, 0.18119729047724364, -0.13399596885277737, 0.019802302392495783,S
0.0, 1.9092002282555245, -1.3518316912058377, 0.315257849484431, 0.08869895830858647, 0.28904564928081344, -0.5836058504315215, 0.544726488613667, -0.5764778301720627, 0.586500000536782, -0.3321505033623414, 0.04084001534882527, -0.14447714776968829, 0.34648374600802, -0.41955414415673165, 0.2810176188965977, -0.09961747295654276, 0.054893297113429496, -0.004641739625409505, -7.997806602603399E-4,B
0.0, 1.8518349003288195, -1.4542002748966776, 0.7718771415448484, -0.44983198818351244, 0.44212018485048327, -0.44966616104650037, 0.430591401662833, -0.4721003439152003, 0.46415314968294, -0.36991854930019896, 0.3229975947556882, -0.38345937965101073, 0.3585443898501803, -0.404375140497292, 0.3353884310351614, -0.21186062545940995, 0.14175497095559664, -0.02149890859229097, -4.022557867179494E-4,S
0.0, 1.1971929417733105, -0.7023304849777113, 0.7718921254441997, -0.6529755027384802, 0.7103018495378308, -0.6901339008835117, 0.6214736816258514, -0.5296582825562411, 0.5041071866940428, -0.5445625283564031, 0.4505660856346578, -0.43115141837850085, 0.37781683503843816, -0.40651388616587625, 0.2599326540791869, -0.20196876371483546, 0.25474940207223506, -0.08665577745840587, 0.014005701255515958,B
0.0, 1.4227123374819663, -1.005240167515833, 1.0434539839699082, -0.9866894194771323, 0.8369165780573694, -0.8745772890030039, 0.8345420195502014, -0.6928308071177701, 0.6099940346448345, -0.6308965982453679, 0.5910328853788076, -0.5473074029713227, 0.41828572186812374, -0.4463197804937973, 0.35597530040533615, -0.21312028905755578, 0.22607945638164176, -0.06324462632373466, 0.006860217302355494,S
0.0, 0.8584643676989416, -0.29237149591303285, 0.4082292305168334, -0.626299489973326, 0.42948748990703517, -0.5302989156292641, 0.5490209959042707, -0.35960923518021487, 0.14556204556585317, -0.25889857929460997, 0.26253215280103487, -0.22921813344095002, 0.07046820224059498, -0.21824015188834786, 0.12546377335292355, -0.03189285437133352, 0.09369075107429901, -0.09449864751830021, 0.02163003567638651,B
0.0, 0.9511299551362152, -0.3286706759761932, 0.45757419901535584, -0.6785549179705519, 0.32854407123355783, -0.5371448605238651, 0.394316977688072, -0.213302468402946, 0.1016419751763718, -0.24485660718691857, 0.3057048489363824, -0.2856473228077786, 0.10305559465310236, -0.34130741722281077, 0.2817120809289484, -0.12878581764625044, 0.18183653508217779, -0.1315238546030206, 0.01964990811698546,S
0.0, 1.9195942309484926, -1.3672150715517126, 0.3182267465652361, 0.09646146424445513, 0.2801261454696012, -0.5820075688772094, 0.5424790616540134, -0.569206074623141, 0.577360056048379, -0.3261321435678331, 0.03898744724700193, -0.1410584125532089, 0.34586816787824315, -0.42255961995932967, 0.28397820760540465, -0.09908437476087348, 0.05334881820838988, -0.004829663096922798, -9.41038642132449E-4,B
0.0, 1.8420905003525871, -1.4436499146827477, 0.7775582929043116, -0.4642550432259581, 0.4466718428199737, -0.44702903412216016, 0.4310333554215476, -0.47363854789910614, 0.4615139539625993, -0.36703697308808086, 0.3271542385580112, -0.38992822320723364, 0.36041785334715865, -0.40468829104362236, 0.3388292319360583, -0.21355120120727542, 0.13893870547856155, -0.020066630654304526, 2.267051111656375E-4,S
0.0, 1.2306987325783827, -0.7657281921827106, 0.7810211777129396, -0.6864250034447722, 0.7788793781912577, -0.7805636626966508, 0.7218505654762805, -0.5836220011035635, 0.5144624358686954, -0.5421204905822665, 0.4439878522918093, -0.44569514437645774, 0.3945128348389386, -0.3761045502847938, 0.20923794037850013, -0.1453114746199852, 0.2131153495450371, -0.07155527672440117, 0.005604967070178619,B
0.0, 1.4402777197211285, -1.0466593404825824, 1.1690657794021273, -1.156873492022892, 1.0175979290753316, -1.0194311089659622, 0.9633495904855484, -0.805113585651752, 0.7179058065299426, -0.6959636957189492, 0.6032228629018154, -0.5568282606075574, 0.42715702225542346, -0.4212427629214378, 0.30669755919733294, -0.1386680501454365, 0.18104409773093208, -0.07703953040002179, 0.00976851074089078,S
0.0, 0.9072604050723617, -0.3430788249272843, 0.4205503597922704, -0.650854015639415, 0.457606316020478, -0.49867428233826516, 0.5012348495423609, -0.32028661805341135, 0.15007466397913719, -0.221195078073169, 0.19714309433339253, -0.17223508066198553, 0.04711629852675546, -0.18209887226588486, 0.07324457828172415, 0.0019741503263704086, 0.07687231179220719, -0.0730593516135882, 0.022909349831351344,B
0.0, 0.923268455080786, -0.1887934213480494, 0.29712213592854214, -0.6409107741925755, 0.4847637498277786, -0.7357593325539667, 0.5066552955101754, -0.3010064787246873, 0.1971162229737243, -0.3092402433618793, 0.4178274866528337, -0.4781318839238734, 0.18701934646426904, -0.225091243633801, 0.2529436500340209, -0.12154176566645147, 0.1664387059796485, -0.19126426550758197, 0.0821386877135772,S
0.0, 1.932444064764816, -1.3609073025905023, 0.22722048531622094, 0.12258366692940821, 0.35679040817434987, -0.561549426030131, 0.4132976400514426, -0.48552970670439966, 0.5991696568277031, -0.3284099063818425, 0.0032924212917655234, -0.17789591014403955, 0.3902613013052198, -0.3109009077516714, 0.13574996429860497, -0.10928686904259971, 0.18005279984450898, -0.11325903051124193, 0.026872487169909507,B
0.0, 1.9207673630818478, -1.5271438311260572, 0.728913686611951, -0.3788641568974357, 0.47938581543068576, -0.5178408088346805, 0.48194840355806406, -0.5847511405012509, 0.6702128559691669, -0.5834922952480793, 0.512337596060981, -0.554066972858878, 0.4625084862352845, -0.4238508512691904, 0.33698314564990695, -0.2438255119382521, 0.15025213295720527, 0.017404594774320784, -0.02508471150623397,S
0.0, 1.2277602174807276, -0.7632282847438967, 0.778561348665334, -0.6783330456300068, 0.7658779014992836, -0.767405803405043, 0.7112755388217981, -0.5700841869484821, 0.49792264073121917, -0.5267566078497943, 0.42993906134910137, -0.4325097262967053, 0.38019502756818563, -0.36500537103616726, 0.20294626510880703, -0.14003632495151228, 0.2077744543179185, -0.06493375227026424, 0.002079259505850249,B
0.0, 1.4432529307397102, -1.0421921827822156, 1.1585203959751473, -1.1384732304735907, 0.9937684106747853, -0.9892559876532931, 0.9304497566665106, -0.7774988934504526, 0.6981586547302064, -0.678311819697328, 0.587538788982368, -0.5464523964988909, 0.4293006611040184, -0.431613688375571, 0.31339000855370497, -0.14450418896662745, 0.18523133745208253, -0.07982030301946857, 0.00709318606705404,S
0.0, 0.8936612348300046, -0.3161189700064299, 0.3936459940427395, -0.6240498392351513, 0.42804209001647964, -0.4689171295197126, 0.4708168722149244, -0.28823169305139973, 0.11622664281020112, -0.19071565074596544, 0.1706367347719924, -0.14827981822476605, 0.024021316169597635, -0.1633842311733703, 0.05625976020019558, 0.01549582355253646, 0.06792619305499235, -0.06378845752084128, 0.01685919157952918,B
0.0, 0.9116880991471009, -0.17392156684586232, 0.2871860531872296, -0.636918581206522, 0.4760336044676075, -0.7285440113072055, 0.499419247613392, -0.2895112151851499, 0.18389481051825235, -0.30092494756892935, 0.4125865807285036, -0.47144378551927557, 0.17515035497503204, -0.21682234426023844, 0.2481177250245774, -0.11905290137753603, 0.16251247115868064, -0.1845693093737373, 0.0789155798335062,S
0.0, 1.936706171668542, -1.3519814238388739, 0.20113814982957967, 0.15491834809489827, 0.3288049824224408, -0.5471607432122945, 0.40589043501075744, -0.4798040186479056, 0.589134565710778, -0.32125711195423073, 0.002995437946800438, -0.18013970615365674, 0.3873418805829156, -0.3045925549972813, 0.13671053755063536, -0.11197112969079194, 0.17942684369807355, -0.11000108852174491, 0.025476033942388558,B
0.0, 1.8974340677605885, -1.4907818216586652, 0.7130072381991657, -0.3692088232992025, 0.449513288790354, -0.48108674720979466, 0.472556890962626, -0.599077311992386, 0.6756414951522212, -0.5719707411407347, 0.5102721058426892, -0.5676188462416555, 0.4682520486813674, -0.4188787328269045, 0.3371041750618981, -0.2514010814668767, 0.15283377956572722, 0.019744821447021665, -0.025860248558983407,S
0.0, 1.2266925722865458, -0.7634687830202128, 0.7799969025727257, -0.6766471508526257, 0.7583149981039427, -0.758589348217697, 0.7059819613065185, -0.5650113641611539, 0.4914000466342799, -0.5182004509493644, 0.4214530421799972, -0.4263357832808829, 0.37365026739577667, -0.3604580970618029, 0.19972897837677817, -0.13590419594661762, 0.20464881316423109, -0.060070810453395455, -8.605800260583846E-4,B
0.0, 1.4458081453588245, -1.0545332612884664, 1.1744868551872272, -1.1478928386432568, 0.9951470340625169, -0.988242974699913, 0.9349001566396495, -0.7835415409088958, 0.6987780073065685, -0.6772199347531628, 0.588244900794606, -0.54798955451004, 0.4265474638434719, -0.42991620406241216, 0.3152195554410303, -0.1442604019550975, 0.18444745410049673, -0.07786338315447087, 0.005930607285080974,S
0.0, 0.8956948036317521, -0.32007191813004127, 0.3927152999293679, -0.6259597012411272, 0.43297264416010195, -0.4733106009774016, 0.47069645831947143, -0.2874493542981643, 0.11408646679164831, -0.18656321783217927, 0.16529614909476406, -0.1389815221695405, 0.015275745977744769, -0.15593821861045065, 0.04753343267869161, 0.023732311587290666, 0.06318408630412035, -0.060523681630293, 0.01359277077032321,B
0.0, 0.9223244952606565, -0.19247049846142703, 0.2983108070925442, -0.6515885899114713, 0.4959430030921815, -0.7509482788366428, 0.5219834616771976, -0.31725041857765335, 0.20710276424604407, -0.32874285640011536, 0.4387122240442659, -0.49625078605858125, 0.20254929571880417, -0.23560737276302504, 0.2614373120074411, -0.1349250493980752, 0.17416996875787238, -0.19418031265276545, 0.08385623730605203,S
0.0, 1.9483079228624018, -1.362868846691785, 0.19848982648205746, 0.1687024197853301, 0.3178980067596002, -0.5503054199358772, 0.4088043806995203, -0.4770956217328422, 0.586926671642144, -0.3274771806666065, 0.006734236639488635, -0.17422119928910143, 0.3826430872582145, -0.3071571919353517, 0.14469626140673805, -0.1164888557214787, 0.17938124740823527, -0.11254142926064993, 0.028261060449056567,B
0.0, 1.8790606903473581, -1.4491452967382925, 0.6729742187603869, -0.3497680496298457, 0.4507373967588754, -0.4871746226774252, 0.4598788964711285, -0.5606703068338905, 0.6367066987628365, -0.5495431249933971, 0.48525755258733855, -0.5321858032051894, 0.4411819787631464, -0.41292624059288957, 0.3350218189691994, -0.2400846706559968, 0.14607112680941484, 0.014575240379662823, -0.020467689555758093,S
0.0, 1.2308423587408919, -0.7711716132564491, 0.7864680589055913, -0.6805214302082017, 0.7597111325949306, -0.7620583666013027, 0.7123549068590338, -0.5688194178300331, 0.49327246236547667, -0.5222186886766934, 0.4266529652159542, -0.43149484450763187, 0.37743233391003533, -0.36595751881346844, 0.20574079508091983, -0.13900862053299023, 0.20781402188234196, -0.061516395475957, -5.025385792007097E-4,B
0.0, 1.447696986441171, -1.0446969567692663, 1.1637092627819179, -1.1290694048304066, 0.9713083989571154, -0.9650240118269414, 0.9057192151028554, -0.7473896501628875, 0.6585891663191277, -0.6315440810585452, 0.545409918200577, -0.5104453063594276, 0.38757741991711825, -0.39239721116286663, 0.285366021858933, -0.12498327664799419, 0.17348407206686536, -0.0710807805548094, 0.0037803191150059252,S
0.0, 0.8926608802123266, -0.31775184134195045, 0.3895948090397871, -0.6182504205600264, 0.428742635191706, -0.471573508431514, 0.4727768340916698, -0.2916724720893344, 0.1163880909255845, -0.19093776124903156, 0.16549909209285002, -0.13989032309703597, 0.01754898202876212, -0.15533332937740083, 0.04039760226486004, 0.02260971524175949, 0.05700225356885771, -0.055228517324956684, 0.013148051568314072,B
0.0, 0.9218211876923582, -0.17996787345269044, 0.2841676978420643, -0.6350671731323402, 0.4789051117699986, -0.73155444114929, 0.5028728971498202, -0.2946062840528822, 0.18237002332608465, -0.3029382087156861, 0.41901191324907117, -0.4786413416472104, 0.18149223796065234, -0.2195346754233917, 0.24446199685192868, -0.12051629962548521, 0.1634048719823047, -0.18788178203625455, 0.07865317184839084,S
0.0, 1.9543008199071081, -1.378203469403861, 0.21554282946337322, 0.1573005068310188, 0.32153114253864096, -0.5550929513716744, 0.42354938341460235, -0.4951064630460011, 0.5959594051805339, -0.327693176964953, 0.00793057133114522, -0.17862073640595053, 0.3796076891723777, -0.29715084251497087, 0.1369855855983395, -0.11188504523810613, 0.17388564016314864, -0.10493769366721535, 0.024482594184498673,B
0.0, 1.8825546943661235, -1.461202583623893, 0.6851649982223914, -0.3552713614779834, 0.4562323517236108, -0.494435487014106, 0.4606150724565818, -0.5568495603917056, 0.634783141813494, -0.5526477105395329, 0.4899757698958912, -0.5321925514537881, 0.4423812219335373, -0.41840403950769745, 0.3354416882401406, -0.22655215308445115, 0.1307033161185313, 0.019126581635705523, -0.01995185054174018,S
0.0, 1.2296611682684153, -0.7712284628949799, 0.7849309782162959, -0.6754132534863603, 0.7518596418870288, -0.753558171813851, 0.7081390218131377, -0.5613230429051271, 0.48409576130122667, -0.5145134878446469, 0.4216535722213552, -0.42711666295135453, 0.3683899531462455, -0.36039005437457833, 0.2024582595287433, -0.13692228810482118, 0.20741576919661514, -0.0598608052742934, -9.627686052062081E-4,B
0.0, 1.4374645760416151, -1.0130332262042039, 1.1217713434464078, -1.0895619282778266, 0.936423506081758, -0.9359432433342294, 0.887684436391051, -0.7386895078884, 0.6581532761963726, -0.6471269534074829, 0.5640752473746945, -0.5259650691272152, 0.40697633716650744, -0.41688243418906057, 0.31270468850812727, -0.1497368823105124, 0.19084874831116894, -0.08339995586422777, 0.009607560509401009,S
0.0, 0.8914725967470711, -0.31359572943502906, 0.38607414358657427, -0.618565219855012, 0.42620724916498604, -0.47121501933335747, 0.4749600206152936, -0.29469460131514363, 0.11761858623952186, -0.1935580116966036, 0.1687860858424601, -0.14308943306982722, 0.017097208994978103, -0.15808251280452637, 0.0406323821161772, 0.024713124780543085, 0.054618619348476824, -0.051631965839569686, 0.011809362715981535,B
0.0, 0.9312620658037702, -0.19289587229194846, 0.296950605945812, -0.6466572625867638, 0.49529419535755287, -0.75078005449464, 0.5196612223123924, -0.30495023700593454, 0.19662942453912005, -0.31502339546794655, 0.4300163650877687, -0.4850236645520155, 0.1900861006696393, -0.22431538332899595, 0.2506323230022786, -0.12929232913689426, 0.17029132841228115, -0.19178859326828535, 0.08113847393653362,S
0.0, 1.9490844273837276, -1.37197883018585, 0.20883063925951623, 0.16517703304710377, 0.311282753715429, -0.5419761910397901, 0.4183930790213473, -0.49863907791951284, 0.6000178491715581, -0.328304562734892, 0.010850585092958363, -0.1872986121045577, 0.3894758639052377, -0.3065822059768363, 0.14638644168604512, -0.12199361803209352, 0.18238396931141737, -0.11016340167981117, 0.02611963539316116,B
0.0, 1.8763409261415147, -1.458350268803833, 0.695980053084475, -0.3661583812276381, 0.4527389736640497, -0.48498216251356324, 0.46558208727356293, -0.5762427893265456, 0.6486082353246124, -0.5559654131331759, 0.49776521124115536, -0.5478431161734808, 0.45519135648575204, -0.42662779969258535, 0.34643458798250615, -0.24109178130610967, 0.1403303903673776, 0.014730447641542119, -0.017828478755534314,S