0.0, 1.310593389505505, -0.7002773260285423, 0.7711037633535307, -0.5347374398964293, 0.37722142330185116, -0.6006323106773291, 0.654828655236706, -0.4724555071461043, 0.3740628340122328, -0.4278049399827888, 0.40361382774131216, -0.4154154193417996, 0.36062226240532397, -0.4122651077625541, 0.3417641228387229, -0.2021754967813406, 0.2198531577798385, -0.1784153133298231, 0.050271564166974245,B
0.0, 1.188707795285031, -0.5055211475126495, 0.6109306378888302, -0.3213182618661306, 0.18780493027765333, -0.5361314023051317, 0.5542793175660252, -0.35718676755018913, 0.3086167855993249, -0.34920005434527235, 0.33916700970842156, -0.35328084459701364, 0.3195572582525876, -0.3526218660653959, 0.2853400995339726, -0.21239817082858425, 0.21443607300491763, -0.1608230015242676, 0.059836819201398675,S
0.0, 0.6992170278072175, -0.1807525510781547, 0.5977083365594441, -0.31388016590883006, 0.2049707834386606, -0.39051869279562806, 0.3620107279807505, -0.2615231226094955, 0.18510305868712892, -0.17334383036027748, 0.28262680712596255, -0.38836741266004005, 0.1309403660848305, -0.30927298094978106, 0.3051663292596045, -0.07908137507715104, 0.17132007232366206, -0.176392612587016, 0.04237965163964489,B
0.0, 0.846680620640491, -0.1328186963498515, 0.5028584945406758, -0.37496987712773383, 0.1392020090896931, -0.38349236638339185, 0.2888137063397934, -0.22283558147361832, 0.12864951321173249, -0.052716250639200476, 0.24540680856928998, -0.3136731334598613, 0.1173149236275138, -0.23687606270179912, 0.27628492647113323, -0.12880141188703548, 0.10233424630874818, -0.13387764723663215, 0.059030709238878605,S
0.0, 1.8503772168830734, -1.340194772323978, 0.800907391318543, -0.6170555735169851, 0.5943469911634088, -0.621746878407321, 0.6152060740456672, -0.6863388761000161, 0.6642131539099059, -0.506963727596449, 0.4222051651548809, -0.4703335930109628, 0.4065703500884378, -0.40828055455582557, 0.3806977615661036, -0.24626101088135716, 0.2267097861193594, -0.18197507348539088, 0.05263714755268666,B
0.0, 1.868561460685309, -1.3642785734214642, 0.7767430667341728, -0.4501281771724429, 0.35738366724196685, -0.35132763328254185, 0.23027206765693425, -0.33979531330595053, 0.45306862378721735, -0.3949588146016234, 0.3478766576264145, -0.37903421907724344, 0.3589285289687566, -0.3284128703506877, 0.268906044831418, -0.2237389292192803, 0.24007596105466641, -0.1689251592525678, 0.0399511913336686,S
0.0, 1.3115502143619764, -0.7028131194934181, 0.7733662146450414, -0.5308754549175941, 0.36773516319453264, -0.592568322303031, 0.6509245986830546, -0.4685610357888399, 0.36553108818846264, -0.4197896964820861, 0.3991496909644732, -0.41008927463213857, 0.3539876970505558, -0.4090659179872217, 0.34089970238552847, -0.20006571442130397, 0.21803463944612225, -0.17621906868496953, 0.048893978646646775,B
0.0, 1.1914782692655659, -0.513586714988684, 0.6178785531784554, -0.32522585192888204, 0.19533447572103904, -0.5456823203034299, 0.5657826831455095, -0.3617034368020342, 0.30444468871313557, -0.3524550687323519, 0.3456729423143133, -0.3611382864189349, 0.3209085369870548, -0.34650117426473825, 0.28484964551671393, -0.2147505739255807, 0.2144045294821723, -0.15829573599535168, 0.05859740471397392,S
0.0, 0.6921439770282645, -0.16966099203152218, 0.5896604091030241, -0.3024059674918747, 0.19266237887126758, -0.3801943529301434, 0.3510854823499715, -0.24921145186820523, 0.17195691256825243, -0.16377768435712872, 0.2754308337427938, -0.3826641265158482, 0.12387298682723646, -0.3030748824625309, 0.2994434020714729, -0.07268585804350358, 0.16568144470960722, -0.17264424574801857, 0.041809745242594835,B
0.0, 0.8486707923350731, -0.12357244766369847, 0.4813864650856353, -0.3647496661861866, 0.1250902212692518, -0.3564691135348118, 0.2798780967747327, -0.21473087090979806, 0.1148709852662045, -0.04628107433124254, 0.23494939507465656, -0.30004483287988853, 0.10746890093260691, -0.21777269113049771, 0.26179221295514365, -0.1241986044199389, 0.09719674845055601, -0.1254618058970543, 0.05619194528482515,S
0.0, 1.8611154862633377, -1.3683963373452894, 0.8318392673638606, -0.6305911321176264, 0.587926892899791, -0.615007391563102, 0.6198631132704612, -0.6937844173481504, 0.6642887545400886, -0.5125904424133746, 0.43971033118051794, -0.4774684949121872, 0.39768655999573665, -0.4021651682866612, 0.38604909672115556, -0.25460777654982153, 0.23089782303230633, -0.18170769794402258, 0.05125916834869155,B
0.0, 1.8641971964748236, -1.3558734930100993, 0.7701812763226235, -0.448104663037479, 0.35482329962349746, -0.34693363080053885, 0.22794092290606333, -0.3391701996518162, 0.45297625273180026, -0.39328198906164563, 0.34645158652092045, -0.37794290450725754, 0.3555185363786389, -0.3249265594339351, 0.26417254006832325, -0.21611694015299687, 0.23253771149281946, -0.16485350892834852, 0.039008223560676764,S
0.0, 1.3130563938303528, -0.7059149678569557, 0.7776825339164778, -0.5319693968088424, 0.3619447911597275, -0.5869696336208186, 0.6498822946273088, -0.4680631448814377, 0.3616131763722602, -0.4146029722747751, 0.39605081182173385, -0.40751373626385967, 0.3507565433705293, -0.408625346831632, 0.3418920351659212, -0.1995754970453647, 0.21748777372024153, -0.17346082018607498, 0.04637729799234152,B
0.0, 1.2005495211557116, -0.5153042072710337, 0.6175425682525009, -0.32926817103753286, 0.18519119306637674, -0.5416783589910538, 0.5638797636838194, -0.3633817041267973, 0.3068361968211765, -0.3473567292742483, 0.3448541523319228, -0.35567160016107235, 0.32141754558429597, -0.3524506419968348, 0.28526001863927514, -0.21466017548576555, 0.21560159961528386, -0.15808961435932864, 0.05828975334742271,S
0.0, 0.695225255336944, -0.16678819995916278, 0.5902074215262401, -0.310447253306621, 0.18963513840958807, -0.3859684669408794, 0.35118570809748806, -0.2463133430725944, 0.1760715639116242, -0.15471056593958768, 0.2789756910246862, -0.383054398872976, 0.11757860289390304, -0.3061466073083113, 0.29414717257755585, -0.0698656806277617, 0.16500865353990815, -0.17096198386073738, 0.04281664487785788,B
0.0, 0.8494944796209125, -0.12527183147018842, 0.4879288741668507, -0.370416322866597, 0.12620548985009833, -0.3595500057274265, 0.2830244721956459, -0.2177145922581068, 0.11625160950193535, -0.045164647980630766, 0.2351264177493401, -0.3028452003649635, 0.10749608519135044, -0.21836866890224002, 0.26237950505562724, -0.12314427899995024, 0.09793386135538162, -0.12812906209600816, 0.05839493495564851,S
0.0, 1.8606756915469316, -1.3644555049389269, 0.8273983380648028, -0.6274284764095134, 0.5813949504454146, -0.6074528568418278, 0.6126234083292024, -0.6881861692736749, 0.6611403848961036, -0.5099160889943221, 0.43884107233173714, -0.4767596578929029, 0.3960044505560778, -0.40148530724193204, 0.38589280783377305, -0.2546146305552105, 0.2309262120350451, -0.1813047445880395, 0.05125708760491438,B
0.0, 1.8621967610162722, -1.3580871496229734, 0.7846865548422935, -0.46642615200487614, 0.3504885139265681, -0.3347727696813303, 0.22539759194835104, -0.3425473443247766, 0.46097510009019527, -0.3949117660211542, 0.3500539208171313, -0.3768934464287428, 0.3507895821400753, -0.32956398684683264, 0.27185450702174596, -0.22206215392667014, 0.23318127112258966, -0.16518306987172335, 0.04022874245137177,S
0.0, 1.315072772739785, -0.7116315000478598, 0.7853056547685852, -0.5347496518919308, 0.35783702549138957, -0.5830505054293412, 0.6513626722246628, -0.47228667114812095, 0.3627806099958074, -0.414282117990662, 0.39672747754488663, -0.4079728192936055, 0.35061014320293393, -0.41105551965952386, 0.345107441025311, -0.20055355299018632, 0.2187477174822011, -0.17262714715397542, 0.04489631341267803,B
0.0, 1.2098203765350457, -0.5202861012946938, 0.6218592380769034, -0.3380760989723814, 0.1795612014830957, -0.5403540616525849, 0.56151933965533, -0.36610518597122865, 0.31353425329383444, -0.3457194768277051, 0.34654211201218615, -0.35295490347707315, 0.32155795301624035, -0.3589212048347431, 0.28957185148704867, -0.21563710208975861, 0.21723013814912087, -0.15942519547142103, 0.05755640667263787,S
0.0, 0.6886027907073254, -0.16333685381169727, 0.590935205754942, -0.3121290607399692, 0.18816069068306862, -0.3800869765481892, 0.34942948155288095, -0.24089420257913244, 0.17372574830599566, -0.15980325257355413, 0.27986828337957165, -0.38240416984148773, 0.11476289653856454, -0.30374084308360544, 0.2927503330016204, -0.0667930382559369, 0.16305800012149826, -0.16917647009157513, 0.04164338104819624,B
0.0, 0.8492774947077534, -0.12396823469426255, 0.4943884145330107, -0.374753372814056, 0.12402969311358908, -0.3617511852550402, 0.28570496802204154, -0.2197909487481903, 0.11628669347940239, -0.045183146745004815, 0.23719862810443149, -0.3067849528455191, 0.10963767013745832, -0.22140796847689737, 0.2663801617267099, -0.1255934857036919, 0.09918616036608893, -0.12955305969248893, 0.05960711532877919,S
0.0, 1.849330957902254, -1.3345665849851427, 0.7932561851426436, -0.6021528410411384, 0.5672638985933026, -0.5993500357910349, 0.6050687145366537, -0.6816213760052529, 0.6545645256797767, -0.49986136560108746, 0.4301407680679698, -0.47305834817069675, 0.39683159216606645, -0.40956791086957867, 0.3977508364563712, -0.2638851907958948, 0.2364590916338768, -0.18417892086607468, 0.0521110695800703,B
0.0, 1.853025881080479, -1.3393934431595733, 0.7665268941100266, -0.4458824531723982, 0.3259890507902789, -0.3152411994634545, 0.2150250444162938, -0.3354323093873347, 0.4549855890243382, -0.3923717062223688, 0.34793272559183297, -0.3649594794801397, 0.32930237219675806, -0.31280276710441857, 0.2632351737543357, -0.21395744861663943, 0.22168420754580653, -0.15621949357387907, 0.03775980271380204,S
0.0, 1.3172404035176526, -0.7177225070170946, 0.7934493811611719, -0.5404636206574577, 0.3562275910887172, -0.579281137369541, 0.6542399598668451, -0.4766506834159742, 0.3624641165529856, -0.41273680122568623, 0.39675569357495494, -0.4087592395716471, 0.3508435688801444, -0.4130104559056052, 0.3474884489407291, -0.2025149950582635, 0.22116655579487313, -0.17060244540801447, 0.042036500344748984,B
0.0, 1.2024876322767175, -0.5370434990305031, 0.6162707999573356, -0.32626571737859095, 0.2146165802102577, -0.5372729963988357, 0.5593975442896032, -0.38668399931830216, 0.30746847151473705, -0.333615277363843, 0.35068234084924493, -0.3645024352233926, 0.3146308406897296, -0.35321521063276096, 0.29881355444846347, -0.2233362486054586, 0.21780308984585345, -0.16079504655387042, 0.05857954547579757,S
0.0, 0.6899082684117074, -0.16881944343395275, 0.5928771140333221, -0.31288321719670253, 0.19392785933898266, -0.38415890409885506, 0.3526041780343558, -0.24355849612644107, 0.17420088510515905, -0.1611281002294497, 0.2823821501828727, -0.3849468996780569, 0.11842984463251059, -0.3070090241267439, 0.296002413338669, -0.06898447560424562, 0.1632246096709794, -0.1711789681830208, 0.04272691624078365,B
0.0, 0.8572388697287923, -0.13763744733751074, 0.4861333958978895, -0.3731627457299389, 0.13959253170982686, -0.36994353658679213, 0.29063978799256684, -0.2210973658772422, 0.11430806873261762, -0.047502997402103404, 0.2426162535868958, -0.3078759280948957, 0.10664439328642722, -0.22793967246388824, 0.2760845032757645, -0.13120304492335197, 0.1055636774897121, -0.13439876912239884, 0.06292835413124359,S
0.0, 1.8453389805429403, -1.3250272765717277, 0.785049226551935, -0.5983336261062705, 0.5649651609383696, -0.5959163492212024, 0.601481075565107, -0.6812761761705841, 0.6562882530104275, -0.4983232961059972, 0.4270653305396079, -0.47167021858417646, 0.39609533784380374, -0.408393851213459, 0.39317358002510117, -0.2582714739073244, 0.23379650211771694, -0.18288899274980494, 0.051499286101510666,B
0.0, 1.8385109228350272, -1.3174985207436896, 0.7547932371382381, -0.44041974099115694, 0.3334972636093416, -0.33470375139675584, 0.23787091979377106, -0.34450167475387783, 0.4377976972115104, -0.37194691804408714, 0.34023084785828017, -0.36735866812350704, 0.32757999887520733, -0.3019097185884205, 0.2559073768170938, -0.209284507973876, 0.2147878951523096, -0.1525432930966186, 0.03724303943947913,S
0.0, 1.261779244413761, -0.6514978723149223, 0.7218196012759697, -0.46894021280274173, 0.37699281024724457, -0.5714148850070911, 0.5985976120807212, -0.4565654976456725, 0.3792919885136204, -0.45540848167260206, 0.43370731634452325, -0.45770081503229276, 0.4003180137909969, -0.3942394034413381, 0.32680425347231745, -0.23414157289532164, 0.2372384724420476, -0.17712599661109474, 0.057119573341571805,B
0.0, 1.122493793349096, -0.45225800124243615, 0.5976388113487358, -0.31149488243058243, 0.28048330594475906, -0.5577564678449773, 0.4990906443955594, -0.3392993436473488, 0.27732554172492335, -0.3259941131024407, 0.3547593002259146, -0.3466997357604084, 0.2682644963039642, -0.2991242740079313, 0.25177710878468185, -0.18590909804775982, 0.1706574917242879, -0.13091586211294723, 0.04123323617433167,S
0.0, 0.731639780937288, -0.14715947964816367, 0.5222836312533253, -0.24193459610391937, 0.123778113067892, -0.3334424652891723, 0.3170037561303452, -0.2682224809003298, 0.11239369674262567, -0.11157505115762163, 0.1851709843107161, -0.2851100677016358, 0.12687881149462196, -0.20604896514787696, 0.2830013060385033, -0.11251610202634345, 0.10661528268704594, -0.1588691141666939, 0.0538801577215128,B
0.0, 0.8690374667725953, -0.07054715601505122, 0.4123349507423396, -0.35359554013528405, 0.17800854671563338, -0.4483426354782766, 0.4129283679702027, -0.3620243968205575, 0.22562140478989046, -0.10884361691556957, 0.30420543086055635, -0.42054761111901523, 0.19289172973377575, -0.2321870761742995, 0.2878677722183462, -0.13069951469739977, 0.11514756371767841, -0.14700669203220687, 0.05105233580761446,S
0.0, 1.6959062972105063, -1.0626035882551501, 0.4867577234614616, -0.2725984892771368, 0.42190963471330795, -0.5775691628827262, 0.49553276913531336, -0.48562335457721345, 0.432961150660595, -0.35265115043526885, 0.32514789905805047, -0.3477251378086027, 0.33909110419379157, -0.31804393586990815, 0.28505348116006013, -0.21643204859246862, 0.1770560807750087, -0.12071686020668154, 0.024418170843484435,B
0.0, 1.7260826298204683, -1.033125374106891, 0.4562639297697423, -0.306261584209102, 0.46632380875038054, -0.4872804401376151, 0.3427602465870575, -0.5303665847161908, 0.5460070500795577, -0.3899742239061471, 0.2771005027151706, -0.26263855273053693, 0.32836840148399254, -0.3394216824304245, 0.23277123874562639, -0.10116297385912923, 0.10396995532200219, -0.11890178199455624, 0.043018790801401655,S
0.0, 1.2653102384380994, -0.651984624647542, 0.7197874705329209, -0.4655388944235031, 0.36802323772678547, -0.5662185678295948, 0.5945370232083184, -0.45098583219806443, 0.3732965611314377, -0.4505478120756562, 0.4299816770307554, -0.45509364066346747, 0.39857222535341286, -0.3927107498589719, 0.32597966009953705, -0.23126528164389948, 0.2369060581401938, -0.17806143609662978, 0.056689306457344914,B
0.0, 1.1290281435943579, -0.46201131761766273, 0.597568324854942, -0.3059008478992888, 0.2729486749208962, -0.5543547051233256, 0.4979441383660235, -0.3347035799441176, 0.27100908817571023, -0.32054905084247076, 0.3529126858153489, -0.34206923823387514, 0.26191865027781064, -0.29554827981397147, 0.24936773971890924, -0.18541430113136378, 0.17117574115637377, -0.1275738915980646, 0.03792577832117902,S
0.0, 0.736223169574723, -0.1450826798809257, 0.5212654673948038, -0.2360366472455637, 0.11931855857356505, -0.33040281390195236, 0.3148909176234901, -0.2621568496921494, 0.10048785784189253, -0.1041597530758454, 0.18220663348310673, -0.2802572519240442, 0.12227772272591762, -0.2046159108190167, 0.2855439023417733, -0.10875232963223715, 0.10275937670277524, -0.15560950352434672, 0.052207767857348375,B
0.0, 0.8746168044223032, -0.06132226336191841, 0.3939085866487735, -0.35455470453348764, 0.18136242297739846, -0.4355534453662743, 0.4005058190331192, -0.3593506981291787, 0.2159531029987246, -0.09114189363646541, 0.2905520048416697, -0.41341038160292914, 0.18502245077227794, -0.22084128924442756, 0.2706699225028477, -0.12157372114992514, 0.1119988681341532, -0.13769904773678615, 0.045537402462755346,S
0.0, 1.706805284078367, -1.0728867767337449, 0.48565391086655274, -0.26992986889105136, 0.4248028500291735, -0.5841140766052827, 0.49566490250448364, -0.47654773570774506, 0.4294438371449553, -0.35875208322768176, 0.32746963060033185, -0.347771097731219, 0.3387949416834405, -0.31996084392965246, 0.2857423572927701, -0.21138642798992027, 0.17293376953121767, -0.11920134500438583, 0.024659607443092334,B
0.0, 1.7202207154600921, -1.0185481195080066, 0.4411048430499262, -0.29628980624971707, 0.4568410779450991, -0.47711586697156516, 0.3327833327125071, -0.520708292956106, 0.534908598497337, -0.37957291971841034, 0.2715828161892673, -0.256905769112987, 0.32013883356516293, -0.3310208453050717, 0.22554925366679043, -0.09339695335064689, 0.09506966462455312, -0.11235613903052695, 0.040739255190500076,S
0.0, 1.2700522814059296, -0.6572604976901051, 0.7226436228687994, -0.4670810156711806, 0.36643642850297015, -0.567220810910039, 0.5978445444621715, -0.45355748960593123, 0.3748332449788211, -0.4509702021988135, 0.4317718034431034, -0.45711056349763574, 0.3987131965291879, -0.3931256232501121, 0.32754515163331027, -0.23153888828877398, 0.238421483092844, -0.1792710558957178, 0.0563064176654004,B
0.0, 1.1288015935601003, -0.4589892234046708, 0.5918127448759803, -0.29638080252138604, 0.2584854314055465, -0.5393860487631419, 0.48318085583597553, -0.3191241710216787, 0.2564599398264291, -0.3066402827115608, 0.3432805418044676, -0.3304427690687155, 0.24841053299290283, -0.2901633361137577, 0.24586370928926962, -0.18228519292738105, 0.16738938202919992, -0.12448254925295531, 0.03797706208791096,S
0.0, 0.737849916989651, -0.14010598444392236, 0.5192422256734747, -0.23724756854545076, 0.11096068755168653, -0.3308699409163979, 0.3124744552864407, -0.25625392077553577, 0.10007403225695491, -0.09987668496439357, 0.18125124287886377, -0.2771927970118424, 0.11682969575216559, -0.20251395252452023, 0.2827782496584661, -0.10406792946044151, 0.09989637759515448, -0.15359593129007176, 0.04983504843552808,B
0.0, 0.875626119026293, -0.060778787145436844, 0.3990148761089054, -0.35972766961529357, 0.1801690817232916, -0.4381533589861014, 0.4015828436446287, -0.35980614659652926, 0.21443701578638644, -0.08898434089655703, 0.2915057649850246, -0.41629579601486627, 0.18620175094380037, -0.22265642740494057, 0.27283580827867054, -0.1220028996596138, 0.11449220908048724, -0.14065181697122173, 0.047115641963913546,S
0.0, 1.7105121796727194, -1.0799433906790694, 0.49165705271447313, -0.27186059044523264, 0.421281953679816, -0.5827452611799204, 0.5010932280274691, -0.4821560670709008, 0.4297626213391397, -0.3568503237808188, 0.32985216677351653, -0.3508758885720536, 0.3377180955954511, -0.31928137780835164, 0.2877710636840222, -0.2147215705580576, 0.17402508614768813, -0.1169924081184846, 0.02273643114199818,B
0.0, 1.7135813838062015, -1.0118805413214174, 0.4473466609478225, -0.307968547146116, 0.4552068000422556, -0.4693682313906977, 0.33546718971559714, -0.5276602560826642, 0.5379768539716782, -0.37929836173762743, 0.28002751204829457, -0.2677852948344797, 0.32272908001517564, -0.33211277752384627, 0.2287677851882121, -0.09815975031300873, 0.09535786607100187, -0.11067701623714608, 0.040863223973232915,S
0.0, 1.2696715664840479, -0.656472006811314, 0.7217864706404264, -0.4663742527671485, 0.3660947756652212, -0.5670157865663923, 0.5975580360222073, -0.45324514976412716, 0.37453501289571045, -0.45066451886813264, 0.43150387591803696, -0.4571889825249756, 0.3989740102506082, -0.3932284114824371, 0.3275289423724278, -0.2314376393250351, 0.2383860386080336, -0.17946111390143052, 0.05645745136875334,B
0.0, 1.1513393819586462, -0.46278809873089516, 0.590728582984145, -0.31052906889355464, 0.2522950490135769, -0.5528950712594111, 0.4906761685749344, -0.32095803363389963, 0.26480757545033584, -0.30996044373221765, 0.3484178291938468, -0.33412471451644143, 0.25287735085158236, -0.29123928000588756, 0.25112881930144076, -0.1828928704527686, 0.1686924772039525, -0.12871033251048303, 0.03806154703849762,S
0.0, 0.7393521254092732, -0.1315257108688031, 0.5135221209135977, -0.23202175610112405, 0.09195285194138857, -0.3251282323482077, 0.30220166907189366, -0.24214203581394209, 0.09142471547942545, -0.08348788743661958, 0.17225995869260627, -0.2685974988613311, 0.10663135337943347, -0.198698096179891, 0.27578474725981317, -0.0965509381008535, 0.09594184413642948, -0.15111343747556288, 0.05016965853526689,B
0.0, 0.8740965187480118, -0.05477952967786464, 0.394320801209619, -0.3588528945740731, 0.17379213500835858, -0.43429013118802273, 0.3917770053677902, -0.35165965247639075, 0.21666092298032136, -0.08887181090906252, 0.29764377641171513, -0.41501708562133904, 0.18322942888381838, -0.2245333560224315, 0.2731071921400199, -0.12755112080267733, 0.1189623983403263, -0.14376271204695318, 0.049463048476656314,S
0.0, 1.7126345434737278, -1.0786406942812867, 0.48927526821958683, -0.27169052017440837, 0.4197804894802183, -0.5832381550852026, 0.5021344242910422, -0.48516578671881183, 0.43510993225717526, -0.3600925740134404, 0.3323805506163751, -0.3510973378722243, 0.33668130351857967, -0.31894782439389363, 0.28776991041871536, -0.21539085952913878, 0.17373373799754785, -0.11727395425305942, 0.024588309418347554,B
0.0, 1.7113584338281724, -1.009514731326194, 0.4500130466869581, -0.31517229632727645, 0.4560251280631979, -0.4693203804393587, 0.3369054411761631, -0.5288592450971747, 0.5405601796093095, -0.37838491603204066, 0.28323963506088295, -0.2712390073218222, 0.3243938358594601, -0.334715496142968, 0.23077253651308033, -0.10167972684897024, 0.09879970949954847, -0.11332353414692074, 0.041749481906144977,S
0.0, 1.276516168383626, -0.6630592537066808, 0.7234520489079399, -0.4631996713803556, 0.3568119843410209, -0.5628820627035845, 0.5965368355958653, -0.4494937516450624, 0.37129024221201984, -0.44729084893406434, 0.43006700251061986, -0.45602218294517816, 0.39755584370323765, -0.39541937696263313, 0.3306167748994548, -0.232147096658993, 0.23876580143564366, -0.18123275173456935, 0.05773177720534651,B
0.0, 1.1576859688142869, -0.475890216868039, 0.6056051905085339, -0.31991375242023956, 0.2503689401930273, -0.5561113701520969, 0.5016304313508811, -0.3332480849263807, 0.27670654477456724, -0.32195717377755806, 0.36395151463386943, -0.3399952075342113, 0.2541653304116991, -0.3000390586549998, 0.2638906678618404, -0.1934604038358903, 0.1715733084768222, -0.12675841154751724, 0.03656703628741069,S
0.0, 0.7377196970497496, -0.12307817983902845, 0.5075397645330364, -0.23183979189659362, 0.08443464473955838, -0.32394751914184794, 0.29441199714987326, -0.2328207696672237, 0.09145225367665658, -0.07683772789411775, 0.1704616025919942, -0.26817677776788573, 0.10348047066530608, -0.19679547591615174, 0.2722854755912744, -0.09515386757362489, 0.09517417851316905, -0.14934061984895536, 0.04986737929619864,B
0.0, 0.879970186011466, -0.06891342021215247, 0.4003705122102705, -0.3599586664008977, 0.17425121908710262, -0.43559940493089894, 0.400009231258677, -0.3559805733474651, 0.2142799941774991, -0.09240468325635223, 0.3033376854085354, -0.42547870489542144, 0.18582480725543388, -0.2207223395821382, 0.27905881389793624, -0.12951905406709832, 0.11274053207358893, -0.14465040303587612, 0.052619653782852445,S
0.0, 1.7083310359878592, -1.0737397672131752, 0.4905141720473097, -0.2729643288139341, 0.41695230724269866, -0.5780481530649012, 0.49708017491984446, -0.4815660357308596, 0.4315741251840091, -0.35693436265193684, 0.32967353328053683, -0.34757109572083245, 0.33152170722023394, -0.3136226881219608, 0.28569106136607575, -0.21575717874417547, 0.17296929073875522, -0.1154142081987176, 0.02364597994460878,B
0.0, 1.7153356572073277, -1.0213957457440241, 0.46663889458377966, -0.32312760828900333, 0.44811903606034853, -0.4645455293302222, 0.34837630734915087, -0.5418487246340571, 0.5407884344347328, -0.3736122245242049, 0.28981007552853955, -0.2788643498828941, 0.3192073133499824, -0.33290506754263954, 0.24263835674238685, -0.11587657711908353, 0.10362687583838097, -0.10788905372278026, 0.036898064844375314,S
0.0, 1.2616784529251959, -0.6020419203074894, 0.7110070859164012, -0.4938363555953132, 0.39229451251944114, -0.6276907976332403, 0.6368627284043367, -0.49035278039009, 0.35571238632606317, -0.4187575467847132, 0.4628615943746465, -0.4689942029236546, 0.38859342662560015, -0.39630679678621744, 0.31501845311103205, -0.2103728008333144, 0.22643794239418294, -0.16242518770058315, 0.04920028253396766,B
0.0, 1.2344622647183563, -0.6297442271656464, 0.7161884666397061, -0.3687148495323891, 0.3019374522271001, -0.6019394537549978, 0.5873782497194615, -0.443199152394755, 0.3367202221128929, -0.37750473612968044, 0.3908976618779815, -0.37057398927597324, 0.324167158746948, -0.3772014034397612, 0.32215728563306323, -0.2240341619702942, 0.21147865828816156, -0.14722223285017585, 0.03998250123501394,S
0.0, 0.7740747716991906, -0.09528626179977397, 0.42631750237086785, -0.28312966322143174, 0.20499788745025568, -0.3525156718993437, 0.3376237817313221, -0.277916582901596, 0.04914667848924532, -0.08158254550544985, 0.20926434526282559, -0.2608467638511352, 0.11408487102755532, -0.18628703048557538, 0.23225490689913755, -0.09649638477399831, 0.11967046070031555, -0.186647260523689, 0.08113304705963785,B
0.0, 0.8034402936163993, -0.028019820539846245, 0.37232908809512993, -0.30538295776171115, 0.20512023712469346, -0.45596617740041484, 0.34141113795250444, -0.27361447722261706, 0.20932042306310697, -0.15639173203589143, 0.27861342752079976, -0.3776561422394884, 0.12424687057075008, -0.1913429305011547, 0.2889286712167979, -0.12794027092910484, 0.13702298077872133, -0.18959426483067404, 0.06966621516816586,S
0.0, 1.6972319696735891, -0.9379198264310431, 0.3180058632849511, -0.2188965249816749, 0.3859299599144834, -0.49239368343361206, 0.4346531291348026, -0.4810097186007728, 0.4454912797501838, -0.3239489544481528, 0.257047783588094, -0.31018085488958186, 0.31416711281951737, -0.3002788792920348, 0.30769963026922503, -0.21533499823593946, 0.14350855326341075, -0.11999683017296933, 0.04492479488648263,B
0.0, 1.7472059266148334, -1.1097023437283617, 0.5728226347092107, -0.5062945790618045, 0.6046649526356942, -0.5340323120844299, 0.4332933951289229, -0.5604062234687229, 0.5145432257632564, -0.378776800502964, 0.3357658007381001, -0.37599973203666437, 0.38335347043661316, -0.29402376963187354, 0.2186146715235809, -0.20116380910612255, 0.1878703386297123, -0.11744921257028018, 0.02375661330332276,S
0.0, 1.2551261728260843, -0.595699260302805, 0.7087157689913338, -0.48501779528636185, 0.3774144658863678, -0.6098099668351096, 0.623269888233651, -0.48078520062716806, 0.3418101363039147, -0.4033877788155652, 0.4495288341759226, -0.45857065965835314, 0.38024534659169035, -0.3898659152045516, 0.3103134419904017, -0.20727653139064364, 0.22416608413639727, -0.16046271624859973, 0.04877847065581487,B
0.0, 1.2364065730196216, -0.630256021794752, 0.7157879929096189, -0.3664488602435041, 0.2921143677466418, -0.5966336488263134, 0.5842760596459455, -0.44071219138592854, 0.33502234555920596, -0.37188348243989394, 0.3881721307002169, -0.3663590210342156, 0.3235229899464605, -0.3806655571053716, 0.32251276656248173, -0.22466075633733737, 0.21130536729637103, -0.145922596422061, 0.03964958568354384,S
0.0, 0.7679562018641638, -0.08092778236322867, 0.41789701409417723, -0.274907398613554, 0.19502594093900286, -0.34386708185671416, 0.3288714678761595, -0.26884565221765594, 0.03612797555508875, -0.07036359182385701, 0.20128160674348194, -0.25360070960556064, 0.10567584778100014, -0.1796902398830714, 0.22511216854640292, -0.08778706936936322, 0.11169727167143946, -0.17924085202170573, 0.07720234520348507,B
0.0, 0.7978164932626729, -0.018179326799470905, 0.36384174298634525, -0.29688778863062953, 0.19542084610522983, -0.44764520126960505, 0.3335103628210804, -0.2645754565715097, 0.1986854605506415, -0.14617930426242537, 0.2709426791380832, -0.37125725889226135, 0.11766562591319946, -0.1856109571829591, 0.28455882786056114, -0.12334053312156137, 0.13257454184510667, -0.18539284136648876, 0.06716717551109512,S
0.0, 1.6970120704015785, -0.9344373690752348, 0.31145159401589834, -0.20825912570280328, 0.37060087433795985, -0.48122720368534755, 0.43221275091577516, -0.4784264981735093, 0.43485471781162327, -0.31168821271261904, 0.25200328044760917, -0.30848564439477505, 0.30688695952726414, -0.2911202933196149, 0.3029988699996951, -0.2123715681540622, 0.1399156280176706, -0.11557969981048183, 0.04215559722924302,B
0.0, 1.7483797851922442, -1.1028852810440082, 0.5593987163344105, -0.5024225785093942, 0.6055087120224141, -0.5340148686848855, 0.43184061537594814, -0.5531221647783928, 0.5037578632750744, -0.3687420306432655, 0.3347360217673486, -0.38043302999244644, 0.37850577712379957, -0.2867110514230951, 0.21349790565215576, -0.1964409822213576, 0.18297884604417478, -0.10967262075786184, 0.019360099239882685,S
0.0, 1.2550516280619202, -0.5994905133254423, 0.7128557591475561, -0.4827572458434505, 0.3725788138258362, -0.6059751112820358, 0.6247395493121632, -0.4840455651216449, 0.3395730098982113, -0.40179431949503597, 0.4505914536796954, -0.4602194279663854, 0.3826298816637307, -0.39222365353077565, 0.31294794627884676, -0.20885661598886734, 0.22549990621918062, -0.1619785658129381, 0.049254289664095945,B
0.0, 1.236249318466667, -0.6254487774147457, 0.7143351596626119, -0.3630022783625297, 0.2796677042074429, -0.5833331704718048, 0.5782677149335914, -0.44199170126641185, 0.3364717361676605, -0.3724742155965684, 0.38370422691827355, -0.3587273337870356, 0.32166522444025125, -0.38816894517986356, 0.32714170580692686, -0.22442376314851692, 0.20938648363304738, -0.14423591799812413, 0.04106543051595738,S
0.0, 0.7673592041242695, -0.07472774710182056, 0.4140786247877925, -0.278296553988686, 0.1872062447193838, -0.3447287513846667, 0.3244328822959513, -0.2650597587224153, 0.043466764709064645, -0.06562284267642973, 0.19961047590072412, -0.2506895394973025, 0.10138637104029219, -0.17994574371319247, 0.22250788102878344, -0.08658155187607681, 0.11065289158311944, -0.1753703544666912, 0.07455757564162172,B
0.0, 0.794080642952526, -0.0018922002646276684, 0.35425076160389446, -0.293408536614275, 0.182197407013409, -0.44198077385766155, 0.3203901201878172, -0.25108801570935185, 0.19289130372841626, -0.13393455536484197, 0.2657190607114576, -0.36729216197962183, 0.10804474165355413, -0.17863694729228885, 0.2764097849669137, -0.11775111616571736, 0.12800540546581893, -0.17892061141607665, 0.06523551922735438,S
0.0, 1.6987678089054667, -0.9362707676236799, 0.3118035091654637, -0.20509454601539226, 0.3635896861281598, -0.4806319749745093, 0.4407989335032109, -0.4865881505258704, 0.43632398776722264, -0.3118581619464316, 0.2596935714422496, -0.3170684507541759, 0.3071327542616181, -0.2897805438053688, 0.30624695327205453, -0.21735493562236757, 0.14196427210449694, -0.11292008515881705, 0.03965287272628413,B
0.0, 1.7595247748003826, -1.123790560837875, 0.578288452862389, -0.518379834631288, 0.614952455129809, -0.5441094630314008, 0.44375775072124035, -0.555094808560424, 0.4973782674785592, -0.36366976138010876, 0.3402469653265539, -0.3920812642974722, 0.3820421472345409, -0.28747946349314335, 0.21694750197175128, -0.20212277739699316, 0.18877869208593606, -0.11176490105530125, 0.019803745073146955,S
0.0, 1.2512667076302393, -0.5956810911743421, 0.7117537241909234, -0.4752863201107521, 0.36199961092289495, -0.5974715304217715, 0.6189686182433014, -0.4791243654105509, 0.33116500737652765, -0.4006778498716078, 0.4512521429068241, -0.45748361824571754, 0.38163962535400625, -0.39064128534995585, 0.3126601315432496, -0.20625503750983304, 0.2229820011501864, -0.1611407762718113, 0.04762611549332019,B
0.0, 1.2489154001317062, -0.6269973152186278, 0.7110899863022768, -0.3602236306495077, 0.26882085260679756, -0.583720367002504, 0.5734954324353514, -0.4340713320332828, 0.3311253499439751, -0.36733817188024476, 0.37763448625462936, -0.35444432964396994, 0.31968775592178267, -0.38620451787899274, 0.3278077230476351, -0.22302195131141847, 0.21091838133267685, -0.14516113510384043, 0.04019311330040842,S
0.0, 0.7706693153082519, -0.07057940763175358, 0.4111098954285125, -0.27922208167406504, 0.18095515469830695, -0.3460241673193977, 0.32296906493996125, -0.26580273212472455, 0.04825492428240465, -0.0644453634322731, 0.20552300723043485, -0.2513087717915858, 0.09999245412893634, -0.18147451353295005, 0.22309630410432582, -0.08950626369201688, 0.11128750406487123, -0.1773070349933631, 0.07648652970877683,B
0.0, 0.8038117938138516, -0.009979426663288743, 0.3571247330969826, -0.30450927075288786, 0.19825241694804893, -0.4476351963472266, 0.3255259808366663, -0.2650581866254219, 0.20147019873464087, -0.13864994056981375, 0.2687405775018441, -0.3676394007008975, 0.11325262025786713, -0.18063269651818029, 0.28037750811052126, -0.1268049254445681, 0.1292417537150293, -0.18024033309894205, 0.06988745657711148,S
0.0, 1.7240247738136718, -0.9712632668634857, 0.33008613629360745, -0.2047924698149476, 0.35970704610212484, -0.4983173123847592, 0.4646747676802616, -0.4924008055772375, 0.4329734208355212, -0.31489485931863787, 0.26909216175075357, -0.32486072928444726, 0.31408929471634384, -0.30267013706766, 0.3128869052744404, -0.21496397740715928, 0.14065741530971132, -0.11582104377015469, 0.04317514250931077,B
0.0, 1.7541397179113432, -1.1166109178253074, 0.5778017205360445, -0.5180210912886158, 0.6078459891072684, -0.5391118931599407, 0.44635249425181805, -0.5594286760445515, 0.4990055378867617, -0.36231077074998513, 0.34119051540466566, -0.3937168151930109, 0.3807048728828249, -0.28764558548586017, 0.2197708902262966, -0.2032877991376151, 0.18692002129034752, -0.10873855894938265, 0.01819826326027898,S
0.0, 1.2469860881332535, -0.5812077315964997, 0.698000289387482, -0.4659458747858047, 0.3490915066892127, -0.5875298166687616, 0.6085675347213552, -0.4656721711271701, 0.31703152550815833, -0.3850057410519759, 0.4370756170179358, -0.44438664852760307, 0.3697844059398534, -0.37934506588582195, 0.3005100206169675, -0.19430821694744116, 0.213684380382871, -0.15272084328201405, 0.043201332632390795,B
0.0, 1.247815164206232, -0.6235158979119829, 0.7093740008783808, -0.35905209839372637, 0.25367120817150707, -0.5637703641760952, 0.5655044134316564, -0.4305840502943558, 0.3279044236639006, -0.3577251990014469, 0.36499921674622565, -0.34736845283326995, 0.31604234393048164, -0.38591156649128994, 0.32512153378871117, -0.2190067848310395, 0.21019310664786542, -0.14521727559229497, 0.03980210733342427,S
0.0, 0.7685462895209778, -0.060360903382934934, 0.4032859780588431, -0.2760704562767937, 0.17314426343261785, -0.34219725708735327, 0.3178358018601859, -0.2590999964624096, 0.044723902913688725, -0.057841810568123694, 0.20685891855389354, -0.2507563208298186, 0.09349445846424023, -0.17806101456616527, 0.2164239890412204, -0.08445761555010455, 0.10853243908628235, -0.17766871914388632, 0.07851911678675898,B
0.0, 0.8038539080080541, -0.00866193773590246, 0.3551047322695831, -0.3044688653517374, 0.1991590419378165, -0.450117841302569, 0.32876339496162743, -0.2666171382876141, 0.20144397565586145, -0.13918458056680588, 0.2700135920809459, -0.36933112249434313, 0.11392764278198968, -0.18005174856674885, 0.2813202967159552, -0.1280093374118057, 0.12980232830311167, -0.18249061308553532, 0.07170236056591074,S
0.0, 1.718361722226802, -0.9591939705391365, 0.3220315182091169, -0.2004270516300095, 0.3519211780208972, -0.49058836788653115, 0.4582874858532266, -0.4836209666316847, 0.4218600752783502, -0.30510792720161634, 0.2635972435375617, -0.3190355194086826, 0.3030950785037904, -0.28955701751330315, 0.3028711265252143, -0.20899761099813816, 0.13575601184211034, -0.11127186852849426, 0.0413960243047688,B
0.0, 1.755533514934448, -1.1202729038055599, 0.585054485398972, -0.5265555955478513, 0.6055420919559987, -0.533030292972169, 0.44690516335046543, -0.5631442323215045, 0.49971018985636173, -0.35997682184469887, 0.3448835715819858, -0.3985180906396692, 0.3782106367147739, -0.28172701609893047, 0.21674332128420118, -0.2035871066394093, 0.18679816329933502, -0.10674441530628091, 0.01670816176093984,S
0.0, 1.2708044291862135, -0.6013722335950807, 0.7023780914882034, -0.4049491956197681, 0.270014606460379, -0.6487325256725646, 0.6696632527224795, -0.4561399557387856, 0.36693093036090163, -0.4409605979612214, 0.4348673542209685, -0.4264181740507277, 0.3692860268106927, -0.39901379411152965, 0.33301416806516476, -0.22419930082827932, 0.21819890875546413, -0.1534791258582995, 0.0461928465653385,B
0.0, 1.1606944147709297, -0.4604297576971073, 0.5433899506360602, -0.26295952586200616, 0.2968702688368473, -0.6111674461525346, 0.5725302300761899, -0.40605289464021366, 0.3132110424223778, -0.33435803151429805, 0.3267485851459714, -0.3697190473648793, 0.2975568812697207, -0.3100722263540993, 0.24414207194113008, -0.16299524690276676, 0.1930821089239306, -0.15024571337235462, 0.04992274049658345,S
0.0, 0.7975582818018456, -0.16882631407995805, 0.5381866723421186, -0.30547504713030443, 0.11341482465369906, -0.3612135970422051, 0.4013201802624446, -0.2633314610279765, 0.03675182876077659, -0.09717411102010183, 0.18694328322101447, -0.22106279971655388, 0.1296500649030446, -0.26058090992753946, 0.2662425038919374, -0.08085023978664847, 0.09729313538221628, -0.13213278592573574, 0.025452838285710128,B
0.0, 0.7979485700454133, -0.05703948683342593, 0.41526005758453866, -0.2738228858972218, 0.04420692918304426, -0.3275586596127491, 0.3041550385303663, -0.14890970529587683, 0.03177335546672827, -0.06476937800320821, 0.20854538296773753, -0.29423119110854656, 0.15136401580831563, -0.23851558958085883, 0.23946497179571685, -0.08173771608626058, 0.09779707427556067, -0.13050787806282094, 0.050587736673877,S
0.0, 1.8203868021758316, -1.1824588299577998, 0.605811186871589, -0.4416314991541174, 0.3891654139886329, -0.3889723139839968, 0.3753962150726841, -0.5026028876438793, 0.56135308080341, -0.44593122553396936, 0.3357270169157815, -0.33011420954834025, 0.2917410448252497, -0.35408088159839934, 0.37356446074566085, -0.24175333805598298, 0.1882918300001306, -0.13193432933477298, 0.032265486705121874,B
0.0, 1.7752019371737442, -1.049606128796304, 0.38376722978291433, -0.21924680854144274, 0.3880737747920966, -0.47658777668222074, 0.3350083442304049, -0.4944171018867423, 0.5471959578996667, -0.3168704052978735, 0.2543333942972799, -0.3946903052059269, 0.40160686612749646, -0.2691234560492612, 0.1228344849453549, -0.0835244469600578, 0.1424293051275955, -0.11367852535216166, 0.02947309413806967,S
0.0, 1.273002491170582, -0.6057404999391095, 0.7069789235651133, -0.4064411801325457, 0.2666215891081764, -0.6479038980682855, 0.674300888818857, -0.45953803642815894, 0.36683587837516246, -0.44155641543780483, 0.4360368190437436, -0.4279374313161933, 0.3700838391131586, -0.39977506937384893, 0.33520488938195964, -0.22452794186495556, 0.21827431869365457, -0.1527703674946319, 0.044750555344707496,B
0.0, 1.1554537657750583, -0.4487085000702881, 0.53578986950815, -0.2607286663340763, 0.2885967773664687, -0.6026501659235417, 0.5683460857514948, -0.4032097318096948, 0.3094996465564317, -0.3279176592610866, 0.323923146036717, -0.3669034914377619, 0.2952144807531814, -0.309824693343374, 0.23897837771598526, -0.1594248705421844, 0.19566021799285038, -0.15028196250826245, 0.04754567405415773,S
0.0, 0.7933814290627798, -0.1597663198848793, 0.5297973818315402, -0.2941787402671886, 0.10203360688169566, -0.3526283427000712, 0.39290098348733776, -0.2486377870737804, 0.021038188534716257, -0.08828355887822255, 0.1780770042942509, -0.21127717855663092, 0.1226921388362364, -0.2566037270630014, 0.2620449417651557, -0.07309844016995493, 0.09010748809526342, -0.1284934527725376, 0.022302284182997935,B
0.0, 0.7886728307533399, -0.04112464607788216, 0.4031279844123045, -0.260600163854275, 0.02774441809845512, -0.3160220651949523, 0.29273569458207105, -0.1359696977507789, 0.017610239607131734, -0.05346164226900861, 0.20057201874259112, -0.28805301583735654, 0.1432135521937593, -0.2308397011208145, 0.23146409752750186, -0.07342313939172998, 0.09292098573054405, -0.12684341917780206, 0.0491488561473717,S
0.0, 1.8104726362576655, -1.1677747166088361, 0.601433271434251, -0.44508161227014115, 0.38320859154598286, -0.376050342961746, 0.36746645785650695, -0.4965069425016929, 0.5589363255785047, -0.4446822818039997, 0.3362547106420355, -0.32588273466731665, 0.2823461567358086, -0.35130000578991294, 0.3762376622324344, -0.24530939034832033, 0.18788454159829604, -0.13000341279248023, 0.03180890589975244,B
0.0, 1.768769039999418, -1.0376657200037502, 0.37912103439666006, -0.21815269821586578, 0.3778934641034113, -0.4632001438700301, 0.32911019530362273, -0.4976407861224321, 0.5471262580395726, -0.31030538807839303, 0.25524218870152204, -0.4001054753264233, 0.3996915335972748, -0.26201156406825094, 0.12054608988810082, -0.08801660237240233, 0.14574558882844743, -0.11138874875028784, 0.02702856199005077,S
0.0, 1.2807412287303461, -0.6012848068708458, 0.7050963424071435, -0.40822944992634375, 0.257800469159205, -0.6564754708050856, 0.6777718281743375, -0.4544430056710929, 0.36229404787913566, -0.4373997601221411, 0.43686403590768735, -0.42144522795112166, 0.3643478942574124, -0.3923827008497924, 0.33083653378802863, -0.225323343068711, 0.21383772731374492, -0.14540802989617727, 0.039988996831482895,B
0.0, 1.1534814508911917, -0.44786422207345244, 0.5356584913632794, -0.25897374875260776, 0.2791141907060883, -0.5908269249374337, 0.566626042174973, -0.40445759084606653, 0.31060206752780894, -0.32890303016526334, 0.32020556141460493, -0.36569819663206543, 0.29843483218682004, -0.3121025818620082, 0.2415601016078481, -0.1624139419501553, 0.1982291642270314, -0.1506492793628894, 0.046491324948669234,S
0.0, 0.7897721334209908, -0.15674107215620323, 0.5258224044511306, -0.2913191301328696, 0.1002781525431511, -0.3548966304752855, 0.3934403296237134, -0.2473359885270319, 0.02333592566892537, -0.08787598538041008, 0.17770068711636489, -0.21035021698207113, 0.12091128950365423, -0.2516855635888634, 0.25583306915599213, -0.07221928877285948, 0.09103938414024514, -0.12993680974029706, 0.023719026641641498,B
0.0, 0.7948195787725694, -0.049418160583460075, 0.39656924570020496, -0.26038640564491067, 0.03309053195973442, -0.3056173226657544, 0.2917482785156146, -0.13700177668501476, 0.010465507523783706, -0.04973568933142111, 0.19857559687162907, -0.2744074522917167, 0.14096703033566757, -0.2350864011856252, 0.22811192993121338, -0.07194318577008889, 0.08943096344313008, -0.12400760219299437, 0.05073517355591363,S
0.0, 1.8020027030947812, -1.150138058806635, 0.5878175692998737, -0.43785945779839114, 0.3797172998367022, -0.37599558701362984, 0.36800047029425265, -0.49646949727854234, 0.5568502606101207, -0.4381671383158662, 0.32735334411084077, -0.31795645811348594, 0.27354323423066224, -0.34049031630543264, 0.3680875065664525, -0.24187158715389212, 0.18683980616706639, -0.12982324420256638, 0.03166542852970851,B
0.0, 1.773474021760945, -1.0444198084668739, 0.38056087420249995, -0.21507108232533687, 0.3708209063586876, -0.45946236846441846, 0.3327574134398662, -0.49853810126551845, 0.5387873255566827, -0.3030816915810247, 0.25895081245775914, -0.4018987647035759, 0.38976377093046705, -0.25177875773493685, 0.12054750192704315, -0.09259305461878518, 0.14604637979287724, -0.10789076330405899, 0.024665943945877532,S
0.0, 1.2759055805403314, -0.6084056789703908, 0.7077795061611505, -0.4052488358403505, 0.2599161567712597, -0.6455532606761323, 0.6769311645120948, -0.4597498457315789, 0.364465365995897, -0.4394692805737574, 0.4375499345340907, -0.428471110340707, 0.36851296333290673, -0.40041112560356806, 0.33565327903075387, -0.22447188624478315, 0.21835726893774798, -0.1516616929349252, 0.044211301920142304,B
0.0, 1.1589515758487265, -0.4486903211191458, 0.5332207018258525, -0.2564214998513865, 0.2670126655369325, -0.5881057765109589, 0.5639644242917169, -0.4021227162643752, 0.3058920012417374, -0.3172196267324947, 0.31677633943935674, -0.36026341248280425, 0.29757977145360626, -0.31010535347176604, 0.23563857521351056, -0.16134987890620586, 0.1976164526697177, -0.15024336184510695, 0.04610568481244154,S
0.0, 0.7957508175388953, -0.15589151488658295, 0.5289793194785333, -0.30263551158173024, 0.09722772171686829, -0.3632521799439722, 0.3969301996093028, -0.24601045992380213, 0.0324311145803663, -0.08466141037812479, 0.1822974140441522, -0.21249104511685157, 0.11551701465982536, -0.25539660041655465, 0.25462410211207176, -0.07252495451652688, 0.09012840682958619, -0.12409825043534417, 0.021346057342095312,B
0.0, 0.7973285881598952, -0.04786756767643705, 0.39729815277375014, -0.2612165394333477, 0.03311389619153269, -0.31025387026457835, 0.29575298159670244, -0.1384262933623141, 0.00722808038722035, -0.050040872188398214, 0.20250578159207036, -0.28218883754171137, 0.14664593880662014, -0.23727847059230184, 0.22832843010576, -0.06881670327229554, 0.08862453006751485, -0.12493271781630944, 0.05020033815700543,S
0.0, 1.796774991561039, -1.133072279715955, 0.5679219049766356, -0.423010095581374, 0.3641798004405816, -0.3603220536505572, 0.352067915598914, -0.4819201715633733, 0.5462816241701339, -0.428942495807939, 0.32162166028388905, -0.3149458571123488, 0.27248654087613433, -0.33857737007009464, 0.3601943013649288, -0.23119407280048507, 0.17853028884520517, -0.1268426490483741, 0.03199497960084625,B
0.0, 1.773833628892523, -1.0473697880028694, 0.38844996263751813, -0.2238007700301283, 0.36991840339400556, -0.4574827212393999, 0.34055631022119515, -0.5099916962998947, 0.54436442126444, -0.29977581916551777, 0.26063235768564336, -0.40986593342670796, 0.3930036915700352, -0.25260757513569254, 0.12245674872108477, -0.09547878047548301, 0.14563550914245668, -0.10401708209152405, 0.022857664119086976,S
0.0, 1.2840896227718333, -0.6071661828949668, 0.7096478537650013, -0.41283481543073314, 0.26205582482417394, -0.6606137282162085, 0.6826133233543282, -0.4631659134178984, 0.3702416372028173, -0.44310357720276383, 0.4457322393964439, -0.42969674366316485, 0.3725536846830903, -0.3994266065617794, 0.3363968656509987, -0.22982347383846183, 0.2171965434400876, -0.1523186001216479, 0.04421871024011149,B
0.0, 1.1599601533588022, -0.45410381917010467, 0.5422889256504232, -0.26303090203298246, 0.2794024649612285, -0.5976161060021866, 0.5702659048673544, -0.40836130182531016, 0.3102551973304879, -0.32739194625532797, 0.3207221055058881, -0.3638078378482447, 0.3007786205366795, -0.3090431760109488, 0.23700809840348055, -0.15889324284931103, 0.1950032623022044, -0.15128476730636062, 0.04695985455197955,S
0.0, 0.7943974530625206, -0.1472757811624051, 0.5253207054846671, -0.3053019308033036, 0.09385584194917125, -0.3632756398682281, 0.39374695668832466, -0.23974079305334117, 0.030716028663485984, -0.08148977422588266, 0.18434150432981664, -0.2137784358888084, 0.11269839140776038, -0.25419363884217033, 0.25161899591600645, -0.06900808081514007, 0.08742581264378563, -0.12349255236072615, 0.021918469675643572,B
0.0, 0.7954500546242756, -0.04949951866541237, 0.39299340223269125, -0.24001743731020161, 0.026494223747757742, -0.312482188831783, 0.2888617381440329, -0.14320935322806508, 0.018134764247445697, -0.044686904768492484, 0.19010157513832043, -0.2826096480426075, 0.14169052006943236, -0.2270805796487186, 0.22474461998962506, -0.07021544851396183, 0.09521668051100675, -0.12179494893496684, 0.042145659698023814,S
0.0, 1.8103179579828503, -1.1551096410445985, 0.5779722883946973, -0.433067693246796, 0.3750707780868138, -0.3718469572699958, 0.36719921834349406, -0.4885621348991719, 0.5535690889721979, -0.4343232688087889, 0.324519261402139, -0.32189728096220266, 0.27551308075261, -0.34459222127567, 0.3677756423435852, -0.24035878097689153, 0.18994777061526588, -0.12894946971065135, 0.03011679931937561,B
0.0, 1.7841625230468696, -1.058590853123711, 0.38822951480175505, -0.2224504417853423, 0.37017125972028625, -0.46407691853954947, 0.34904312236482854, -0.510375394871701, 0.5403023954676106, -0.2971777506748833, 0.2603307606769582, -0.4103035219486713, 0.3903870644178401, -0.25006555991780743, 0.12301494421054988, -0.0961841059942911, 0.1480826568231297, -0.10492445126919848, 0.021828871946179364,S
0.0, 1.2475195069795029, -0.5570595526080172, 0.5969277840310067, -0.3529764376462294, 0.2957410017175808, -0.5373407250043357, 0.5456872202922441, -0.4105819609554999, 0.29540301369033517, -0.37817391762926955, 0.3611480830375886, -0.35038088145040636, 0.31862759287944065, -0.337944982392302, 0.3033716385120728, -0.2213193908214942, 0.2173108890330135, -0.162756391758328, 0.05272060462276764,B
0.0, 1.1852195469173261, -0.4889359450862061, 0.6085637859083494, -0.33970674706752524, 0.26047086320755053, -0.621151411154366, 0.5887785656941747, -0.38636829730978034, 0.35418292555657455, -0.35612987459219975, 0.3297342926730052, -0.34926908079077956, 0.30928116435754277, -0.32525027083866187, 0.2485575441657647, -0.1844545283633254, 0.17403550562038117, -0.12990711629978724, 0.04599507489064259,S
0.0, 0.76648407895632, -0.10397448138289433, 0.3543694779487736, -0.1720769488160848, 0.12222613476006956, -0.27216189451846645, 0.3026361990600913, -0.29013850275368575, 0.0510870130170825, -0.03548230079929461, 0.17236876002981072, -0.27043557604822943, 0.145975327790733, -0.24249297488581428, 0.3004048220274826, -0.10837701278525473, 0.08966423636370698, -0.1567480608201612, 0.06325459150220249,B
0.0, 0.7693960083084717, -0.12326344189197991, 0.5587885546603407, -0.3702116860000129, 0.17309510490426042, -0.37740146336016706, 0.2811963603092759, -0.2450934719430599, 0.09780065082476191, -0.055938534142287714, 0.2823865276163598, -0.23357146576057533, 0.07930822862810721, -0.2926346840643509, 0.17650854313413186, -0.03288369697733162, 0.1483035124227289, -0.12552306147617182, 0.0044680748464296744,S
0.0, 1.7863810003199474, -0.977451267806323, 0.3640696370328877, -0.3415628854893959, 0.2955700436979847, -0.2677665734410607, 0.2032359113246761, -0.354312928355939, 0.5467266579362161, -0.4215706656488176, 0.2787376027317189, -0.3190137846658208, 0.32152346246767194, -0.3612309982785264, 0.30601756109831757, -0.17589976268670823, 0.1782957541339506, -0.14502838797303244, 0.039457717598533365,B
0.0, 1.878145535410597, -1.2442690367467168, 0.38618338484723536, -0.07364279071061282, 0.3375257950086516, -0.4468219098157472, 0.22632000999331123, -0.3888552668060669, 0.5472129527005763, -0.31621032899153956, 0.08101119904861143, -0.19727470151846702, 0.3640905396866643, -0.3122723056572629, 0.16556769517757206, -0.08772391523068135, 0.12251206629124615, -0.12071639908967557, 0.044433689633426435,S
0.0, 1.2470296737695152, -0.5578698789181101, 0.5997702595699436, -0.35304858273783957, 0.2879451779648136, -0.5287516132067553, 0.5418220599193379, -0.40981794405971667, 0.2915376423902348, -0.37060254550816274, 0.3544473890510592, -0.3435763633517316, 0.31529927300127947, -0.3375682763970095, 0.3015587941107862, -0.21794143282383596, 0.2142991831947623, -0.16052280664726706, 0.051205344347173234,B
0.0, 1.1861632697287838, -0.48544410152870987, 0.6024976171117217, -0.3336661421181619, 0.2454757906278951, -0.6093840017432413, 0.5786376634441122, -0.3730391686531739, 0.3431347985205916, -0.34295039409801203, 0.3186125980842215, -0.3400943666509905, 0.29684153067645913, -0.3161656386622517, 0.2428185253435813, -0.17924578206793831, 0.16921362983984295, -0.12413777518827962, 0.042576894612933014,S
0.0, 0.7636987484431644, -0.09691455402048786, 0.34953696642968773, -0.1639747022006158, 0.1129643390829445, -0.2656672959303065, 0.29663480750399207, -0.28424535989398236, 0.04269699593162224, -0.027573101897795806, 0.16605413209325615, -0.26466875387457084, 0.1389814473538368, -0.2363159623786581, 0.29606539312253644, -0.10076319945434772, 0.0811947613580128, -0.1506104258975381, 0.0604756341424337,B
0.0, 0.7663444061016987, -0.11494098687224515, 0.5542132632351828, -0.3659322728653772, 0.16670736665426392, -0.37687100377294974, 0.27559018347590414, -0.2394608544454143, 0.09213855799796125, -0.052064232965384746, 0.2814662302931833, -0.23259719530798767, 0.07694536681995828, -0.2925009398235562, 0.17574038655415675, -0.031886682893027436, 0.15126225841512994, -0.12845372474170605, 0.006590474484183191,S
0.0, 1.7898952288303631, -0.9859453130347537, 0.37023766953261494, -0.34129988033286734, 0.2912904623216147, -0.2640579471400271, 0.20184638128076754, -0.35430727450541893, 0.5465274812568017, -0.4219878738397381, 0.2813099902322822, -0.32007020105166656, 0.3187123803265314, -0.3597902080253872, 0.30705726172870557, -0.1744673031100528, 0.17638198416222656, -0.14504458548928253, 0.03964043194555986,B
0.0, 1.8698306804282838, -1.2235737725951383, 0.36214087594924976, -0.05279185745871381, 0.3180555735810143, -0.42993630458128057, 0.21608354092818968, -0.3846972726849789, 0.5404806243475161, -0.30382539829763455, 0.07281730584982497, -0.19446683331828282, 0.3574706869062982, -0.3021073606474594, 0.1592574550892051, -0.08602425962114292, 0.12063334996542223, -0.11613395379946687, 0.04156238599869603,S
0.0, 1.248725307010319, -0.5622176696281952, 0.603530446255579, -0.3520821405775698, 0.2804756047766214, -0.5232230769314314, 0.5448817170064744, -0.41321849327558374, 0.2878274378698517, -0.3660886323635226, 0.35334672037891823, -0.34418006464603396, 0.3151371390243637, -0.3364706657728079, 0.302471447005233, -0.21930857689591374, 0.216412283685162, -0.16134150480856788, 0.05030744405239467,B
0.0, 1.1863295830133929, -0.48138227242142784, 0.5977507819538497, -0.32807317275415754, 0.23088769765622177, -0.5981512128100631, 0.5721979064369296, -0.3702901833667591, 0.33977984723631266, -0.3344979455168232, 0.31217199879135155, -0.34023785980586924, 0.2989682222710643, -0.3155543751587443, 0.24293634730541214, -0.17766584125467666, 0.16934126805110425, -0.12412878287887087, 0.04024167600201742,S
0.0, 0.763181459336376, -0.09632399009499418, 0.352847860085197, -0.16553313156445829, 0.11090418690501969, -0.26712499106807175, 0.29571261968384766, -0.28519999200879903, 0.04335489163495999, -0.02493601022414629, 0.16579281710893085, -0.2605615293978722, 0.13495830270065617, -0.23434312920883354, 0.2964124005043686, -0.10288170362468908, 0.0818780422856719, -0.15207868157829044, 0.06165136995761069,B
0.0, 0.7694903053283186, -0.11656377231054027, 0.5564690064776503, -0.36847125120906005, 0.16083899233128, -0.3759470701146444, 0.2794752496531723, -0.23364018101947207, 0.09260018685485319, -0.05141073955968243, 0.2775971390687057, -0.23611836920005955, 0.07358178030020057, -0.29197861018262333, 0.17801935586465778, -0.023779047505038158, 0.14263176769488062, -0.12063769791775523, 0.0025414926637172017,S
0.0, 1.786620736854294, -0.975059612007697, 0.36028039916979115, -0.3334786728212199, 0.27698335828634457, -0.25034387937971014, 0.19531782102827625, -0.3529322001331229, 0.5447740623587731, -0.41513704732961804, 0.2747295952049039, -0.3154394112399813, 0.3117570660584695, -0.3517427102733519, 0.29869836046972936, -0.16615396596508034, 0.16856217274626079, -0.13851396918827608, 0.0375120203885863,B
0.0, 1.8700116238214928, -1.2249169084138785, 0.3662893765272723, -0.0565512546019595, 0.31359036758698183, -0.4232346856033438, 0.21526996353602906, -0.38976809679754487, 0.5438189192934787, -0.30089666164612405, 0.07254030233627334, -0.19941689433723606, 0.36329211445800574, -0.30552224023030494, 0.1600214935110661, -0.08534538239696794, 0.11831305399976617, -0.11375690637963148, 0.04076116392579791,S
0.0, 1.251348743893169, -0.5686443152609894, 0.6098802206213128, -0.35522968004604344, 0.27891601467134847, -0.5225393273032414, 0.5482634560622643, -0.4160194308796338, 0.2898989380919891, -0.367837052067873, 0.35573827822743254, -0.34604438582675207, 0.3149277082574725, -0.33827816837583446, 0.3046370682462802, -0.2205445041217264, 0.21819206341413191, -0.1604447938685508, 0.048613008544015644,B
0.0, 1.1921698101542242, -0.4821151563603238, 0.6014376978062068, -0.3295078106315063, 0.22272032553395546, -0.6004958194837848, 0.5746857465003384, -0.3701030745665471, 0.33568312638206904, -0.3325940727404296, 0.31436698589893425, -0.34058356556021374, 0.3004826724358734, -0.31227518132713183, 0.24053490934678082, -0.17916310184423553, 0.16913691570908973, -0.12408315219703059, 0.04208660041495506,S
0.0, 0.7620033085900677, -0.08983315863704673, 0.3473405646658717, -0.1682289397529396, 0.108461982905665, -0.2713694525591244, 0.296306833941043, -0.28383765513754616, 0.04888221662522101, -0.024930908832436875, 0.1681441745169051, -0.2593491459918071, 0.1306450546113402, -0.2335317341530692, 0.29306532085278475, -0.1023130896919101, 0.08390483331793282, -0.15237958972301047, 0.0635956652474077,B
0.0, 0.7779187830251525, -0.1186954512309882, 0.5586867347112765, -0.38064653870754217, 0.16055077681832775, -0.3683633370256852, 0.28658532960801036, -0.23829788902771284, 0.08873475441604718, -0.04587688740492242, 0.27692417963089105, -0.23310780239072537, 0.07063373986816092, -0.2957220396462401, 0.17615335936748905, -0.016651693626237474, 0.13941373497181783, -0.12261566309582865, 0.005561631074406031,S
0.0, 1.7835900488102279, -0.9663988201933283, 0.3518951162112068, -0.3265151245150716, 0.2697965033172809, -0.24478625737987147, 0.18981948715139177, -0.34651714580940207, 0.5378915408394809, -0.4074467694331484, 0.26665501393569035, -0.30646273923513806, 0.30084884867934986, -0.34154389234263854, 0.29305302179963905, -0.1617963980635109, 0.1634479686158692, -0.1346565702762988, 0.036083159693783694,B
0.0, 1.8702494355039467, -1.230504647892359, 0.3854532253717544, -0.07982266722787074, 0.3190112602409292, -0.41188854942018627, 0.20842434946728472, -0.39506220800463226, 0.551456328736704, -0.3056645339233687, 0.08046862697535591, -0.20254169875598887, 0.35314579672720403, -0.2989423903576273, 0.16911451645134454, -0.09958054781465076, 0.11965061577100405, -0.10237052725154207, 0.03363878013913903,S
0.0, 1.254808816279531, -0.5799271870501808, 0.6221680656321922, -0.36055740404697967, 0.2790306326235732, -0.5243882982991396, 0.55470782401786, -0.422525379889887, 0.29383252513231095, -0.37071578561691937, 0.36011893910067944, -0.3498367153101175, 0.31767424709239034, -0.34219492138880203, 0.30672288449850854, -0.221029372858182, 0.22013877293204065, -0.16304650407095853, 0.049833853183123306,B
0.0, 1.1773302481498955, -0.4832576051624009, 0.6050203440783432, -0.32508507462838937, 0.22509309369502545, -0.5890080574112412, 0.5737653189045213, -0.36843261103030756, 0.33008688294281874, -0.33052481253817384, 0.3139609958961478, -0.3381920791115582, 0.2942718582286217, -0.31238061184377136, 0.23930715362726265, -0.17719076326805394, 0.16883224894952004, -0.1222681330920315, 0.03962947141438333,S
0.0, 0.7579793492749357, -0.07956560110564054, 0.33831435851510017, -0.164206874131894, 0.10033672392103671, -0.2634782826434789, 0.2823751039779532, -0.2694116531520298, 0.04336929281968671, -0.018694931980437715, 0.1611723738765477, -0.25047669420645297, 0.12026739528398787, -0.22465993774406662, 0.28564194619992905, -0.09775361926755738, 0.07910246685922136, -0.14580396176612512, 0.05915386686460317,B
0.0, 0.7686631326686056, -0.11139362867492536, 0.5502895019609072, -0.3629387205777477, 0.15927237824549237, -0.36846502316732954, 0.2766617667363969, -0.2369145051953756, 0.08513337835701969, -0.04214870376660532, 0.2725592262683729, -0.22681655915544516, 0.06908436045753681, -0.2880145572923309, 0.17205436365984697, -0.022850616944933625, 0.14576342532373004, -0.12837591749952873, 0.010262495845362042,S
0.0, 1.7901493416346568, -0.9920307098072778, 0.38657124744548116, -0.34083040437505363, 0.2739765499620493, -0.2732772819664677, 0.23553593522837257, -0.3775461601484012, 0.5485823364330423, -0.42438699957219245, 0.2985664754604134, -0.33345951426364806, 0.3189929963805768, -0.35930069790748814, 0.316029323476855, -0.18247953678265097, 0.17109753225077157, -0.1367101292282799, 0.037557913021571326,B
0.0, 1.8802301125224528, -1.245123037382626, 0.3817637349910176, -0.05363259323085685, 0.30122453903160196, -0.4320395686967075, 0.24680518883855126, -0.41153816469559334, 0.5360174546383041, -0.28478601878409926, 0.08248863913689788, -0.2262943975963158, 0.3777653303233467, -0.30251897742142225, 0.15583915188486214, -0.09284475982932032, 0.12745234624553778, -0.1133776486294461, 0.037481825439733704,S