0.0, 1.3409376069426409, -0.8772331839254848, 0.7937227490319215, -0.514214046065204, 0.7891808889019334, -0.8374949023515165, 0.818607465781558, -0.7296985274235761, 0.4576549853308953, -0.5362964517075582, 0.4537075541340902, -0.5518517730000225, 0.4844401698776323, -0.416288523351345, 0.415686637252637, -0.19580195702811215, 0.1799821181123767, -0.18868832136585473, 0.06694421434051095,B
0.0, 1.3474544048872938, -0.8888907061118517, 0.9170293990958684, -0.6285501035712417, 0.8025176304619132, -0.9789785337341231, 0.9288473157236701, -0.8167709997880553, 0.5704512680006583, -0.5879296165583495, 0.5707644553047833, -0.6184683154531533, 0.45054206466837693, -0.31000015113798435, 0.2896184480331606, -0.15600717188493188, 0.19457325749786908, -0.20698988884112282, 0.0698046273873614,S
0.0, 0.813787896224614, -0.3173339682221689, 0.5185739871821617, -0.3153262185601259, 0.3992702214867407, -0.35548337407098896, 0.5923137025036763, -0.38601242802607805, -0.011769440608828282, -0.26035042943412, 0.27504808424574506, -0.37604028724973015, 0.17660635211451634, -0.2833138541783554, 0.4092322400908433, -0.15649696972570243, 0.19855159120636978, -0.3067551071764572, 0.10597164220760924,B
0.0, 0.7826988166887182, -0.28962596974330845, 0.47254059554275996, -0.22068395330485033, 0.47612877687267613, -0.3483149423509022, 0.4800202622093268, -0.5173870274706113, -0.003510353673729815, -0.22288034609255047, 0.23746413735676308, -0.3010809017964713, 0.3173328684861726, -0.20044844638656623, 0.27617506257766633, -0.15120399035325602, 0.06593483041496798, -0.21323902877963935, 0.12324835896393746,S
0.0, 1.6920028460630725, -1.3294987357082717, 0.8920001077531755, -0.6780883716991611, 0.8282532501736247, -0.6949330855416973, 0.6922537553716551, -0.7018200114614083, 0.5563718612851875, -0.5411899538279499, 0.4678531044990694, -0.5532866767995791, 0.41065476075269025, -0.36711871792164036, 0.4179024574343198, -0.29146644091142127, 0.18150377329894662, -0.09094239093649273, 0.019346120532983783,B
0.0, 1.95549748882101, -1.5885173161211397, 0.6235490803030412, 0.09481808721045945, 0.17329518406510938, -0.6515864781346118, 0.8692909525788404, -0.8780046798027491, 0.6090435116533565, -0.30386363320440557, 0.09200482356339387, -0.2913670218516883, 0.46655180721420664, -0.4266365055620542, 0.30803750441615246, -0.17611323703458037, 0.1400452628899942, -0.06798385002336169, 0.009577155332901661,S
0.0, 1.3411416919346397, -0.8792634285394114, 0.7925428541324616, -0.5060799040124347, 0.7802575084196359, -0.82474146836173, 0.8125185567102514, -0.7252728652257863, 0.44039456781144326, -0.5241562459730158, 0.4467907929885314, -0.5448016232031385, 0.4779554379325399, -0.4112210778417378, 0.4120015718983741, -0.1933418940411288, 0.17907954268312765, -0.1849274915371447, 0.06528621250028938,B
0.0, 1.3462860764852507, -0.892533660937796, 0.9256686087873578, -0.629600146937447, 0.7978949706444255, -0.9683800855791955, 0.9197557497308568, -0.8138745803728871, 0.5669491789945477, -0.5829886709987818, 0.5591901146455495, -0.6054429066912957, 0.44213651196452114, -0.3070192772311107, 0.29009976091511624, -0.15298159054356672, 0.18831902913352283, -0.20344174949729957, 0.06992283199626782,S
0.0, 0.815201671311033, -0.31351211029522447, 0.5142423879920927, -0.31500074572872705, 0.394074476284973, -0.3559935633777461, 0.589076380412189, -0.3808295680631728, -0.012106726046519556, -0.2555664958309793, 0.2721250522588183, -0.37234084147997665, 0.17166534166883438, -0.28020964182374364, 0.40438356633002603, -0.15190964768457904, 0.19459080818595517, -0.3013360593999203, 0.10244360918551013,B
0.0, 0.7692838149118398, -0.2640163806536104, 0.4467488584772707, -0.19943032038736633, 0.454581936056639, -0.3275885800622745, 0.45928493555386657, -0.49452552211022976, -0.02204181920892348, -0.2052560836250097, 0.21667694011394342, -0.28219021634640284, 0.29604127288317367, -0.18103004666263833, 0.2591264380683528, -0.13303604648237677, 0.05327346124107077, -0.20105569570982967, 0.11452424128898894,S
0.0, 1.6897011128707309, -1.3260730685931248, 0.8868889656736176, -0.6691419743855574, 0.8192601790816443, -0.6906524797742254, 0.6894861485752771, -0.695432975761921, 0.5498104820674059, -0.5369034493718947, 0.4649378589544282, -0.5505610846739529, 0.40746694535187605, -0.3623734511005762, 0.41324837575171564, -0.2876174399653751, 0.17811416092327642, -0.08870101330954679, 0.01827050608208494,B
0.0, 1.9405395942975796, -1.552387612285459, 0.5804293846806537, 0.1387747982392322, 0.12777060595840262, -0.6080574297635737, 0.8372596949240354, -0.8573033974089985, 0.5824403539893556, -0.2710475693912461, 0.06700618279895582, -0.2788795089650021, 0.45751905676043625, -0.4161006523247244, 0.30246397966344124, -0.17387268695188487, 0.13410501544976655, -0.057720166669450894, 0.0038664025731112973,S
0.0, 1.3460345685183914, -0.8894494360058239, 0.799450536353609, -0.5075662231373456, 0.7823872202518106, -0.8256960358857054, 0.8189323129364391, -0.7330097828466, 0.4396752884389045, -0.5272981020311274, 0.4524041779650622, -0.5484288021447802, 0.4802982485524586, -0.4158921879892474, 0.417628390706429, -0.1961414380618453, 0.1817055500563387, -0.1861417181191147, 0.065534556304699,B
0.0, 1.347785959698904, -0.8932285742706055, 0.9247532943116256, -0.6278255964955487, 0.7969660241240617, -0.970554615455427, 0.9223844954160407, -0.8134566180583012, 0.5637719817451518, -0.5792442760984613, 0.556984416436688, -0.6033354402597689, 0.43767703494054744, -0.30295996133536157, 0.2852901559473092, -0.1468095658123284, 0.18438580232821036, -0.20014198475771433, 0.06713093353101156,S
0.0, 0.819121345474158, -0.31379074333787205, 0.5163068951981865, -0.3222759997164828, 0.39360257320083586, -0.36064095141783004, 0.5903295375456641, -0.3795962333508691, -0.009671871391133234, -0.253288107569315, 0.2742999314001478, -0.37086704737160653, 0.16941390661627856, -0.283607250528068, 0.40441018157903036, -0.1531703359912974, 0.1962092166152404, -0.3023490755325345, 0.1038898762724184,B
0.0, 0.7741188601774203, -0.26415368683738627, 0.4440085626367762, -0.20374262201682325, 0.4523383390347691, -0.3307107079693791, 0.46239150795083617, -0.49151518616378886, -0.017739193528017998, -0.20386834546649096, 0.21663128815922814, -0.28582729891601877, 0.29435267335589266, -0.18329441019145168, 0.2578816290409704, -0.13007793097441717, 0.05420447649336181, -0.1983207370000114, 0.11222302269772225,S
0.0, 1.6864334555557599, -1.3114405074688678, 0.8675603250997962, -0.6515672971194778, 0.7980487811150123, -0.6670895516637622, 0.6615407013736778, -0.6692702588407785, 0.5258037899707299, -0.5152426178088011, 0.44612623586123196, -0.5305642053533759, 0.3904393370617813, -0.34693520097789693, 0.39872263553106435, -0.274761114853756, 0.1691812765603494, -0.08480243362726178, 0.01676479409640663,B
0.0, 1.9394025652615519, -1.5527291201118691, 0.5854539329713165, 0.1375260351291694, 0.12294935786919357, -0.606609229826528, 0.8450416933930359, -0.8686963793258505, 0.5846839077182602, -0.2693267341966879, 0.07261124319370443, -0.2921198609847135, 0.46820422034080855, -0.42140050570339493, 0.3072894073983279, -0.17666431766070403, 0.13565797253453454, -0.057775243602665255, 0.0031928595292725274,S
0.0, 1.3188315558455765, -0.8439265648010799, 0.7721583225539355, -0.47756351724645646, 0.7346663002831576, -0.7827659111443203, 0.7811114038181833, -0.7060480848029289, 0.43130801052382145, -0.5064264511057439, 0.4387585114334598, -0.5453073121208913, 0.48226589199774034, -0.4294320184041437, 0.42636470318295067, -0.2147958299709727, 0.1984290731614341, -0.1923780453163874, 0.06946976108911383,B
0.0, 1.3506003028245364, -0.9058097313451982, 0.9435405711075188, -0.6396265765588844, 0.8043626506773806, -0.9761900446865465, 0.9325547728723017, -0.8298207770630209, 0.5786590877835577, -0.5924467404515646, 0.5653760489535709, -0.611867918510933, 0.44722552878815597, -0.31183514326558515, 0.2955405678352605, -0.15425582015602657, 0.1894234274037701, -0.2039843913287574, 0.0686436671740586,S
0.0, 0.8213803337793939, -0.3121509087555418, 0.5166563744767751, -0.3288330204539394, 0.39432336750828995, -0.36545842787752725, 0.5942618473493686, -0.3802318518757367, -0.0038836769571384765, -0.25695009389517603, 0.2803948324095424, -0.37575759058942737, 0.1681276262379356, -0.28530568971537656, 0.40416680972678715, -0.15195970292677127, 0.19815175733466844, -0.3020627202544644, 0.10288544429186555,B
0.0, 0.777627827240039, -0.2649935073095139, 0.4457508287647495, -0.2106603612766894, 0.45261586890115724, -0.3339341122458752, 0.4644153922460715, -0.49098023603397123, -0.01268542311062261, -0.20618584796236525, 0.21887343340075915, -0.28679058515013633, 0.29263508200835897, -0.18543366717469628, 0.259532773566675, -0.13036994549765246, 0.056564391038599754, -0.2008356243240895, 0.11254904722580227,S
0.0, 1.6853325472402965, -1.3034625142366103, 0.8534401325538508, -0.6332668052432618, 0.7750422913333465, -0.6467986752641992, 0.6383879103769992, -0.6469557639379199, 0.5074711339498937, -0.4944877067468794, 0.42652187354927185, -0.5135811588348608, 0.3781962773051998, -0.33951671801312683, 0.39271685608228485, -0.26885921146151115, 0.16519585166944178, -0.08556754666513333, 0.01837111842728138,B
0.0, 1.9493403441683435, -1.5718104911619257, 0.600894323247236, 0.13099118131072346, 0.1240545730890937, -0.61182500414558, 0.8578897181158562, -0.8800369013996244, 0.5846290760129733, -0.26274170051116635, 0.06320720299861082, -0.2822489170211713, 0.4579647046047619, -0.41011219070532323, 0.29679104840028364, -0.16432012255106432, 0.12442694069695644, -0.049780855052674114, -1.2403017975653425E-4,S
0.0, 1.3181277767572896, -0.8525557139850221, 0.7826065553119567, -0.48192227172599145, 0.7454149381149066, -0.7852660184866341, 0.782373976036233, -0.7064125398473303, 0.41901500511701445, -0.5043578496278943, 0.43095105588253046, -0.5358283982024, 0.47283370939191144, -0.4123182920879883, 0.41369845306797337, -0.20044547425783213, 0.1880320187952991, -0.18892653752286986, 0.06868333885027703,B
0.0, 1.3510847390997565, -0.9076108834770549, 0.9511580708048668, -0.6634947438399459, 0.834587874681533, -0.9958128599959654, 0.9472995763110897, -0.8447816451847197, 0.5937161275885837, -0.609683274591836, 0.5744647562408771, -0.6089899217069836, 0.4454483061694976, -0.31221721777765926, 0.2900574499998672, -0.1467268235372047, 0.18371213401447517, -0.1970842196921549, 0.06484383080114159,S
0.0, 0.8226319397198216, -0.30880060698567485, 0.5135877735257103, -0.3264138622502054, 0.3890887460001605, -0.36454498513013983, 0.5892568214269245, -0.37738540979385854, -0.002963486093673051, -0.25308309439319987, 0.2796784220812652, -0.3744975701556478, 0.16542377876979003, -0.2816456555522494, 0.4026273415210572, -0.15215979116657874, 0.19680200118571609, -0.30156829131874974, 0.10331500677050118,B
0.0, 0.7722802068563138, -0.25423280391778197, 0.43493700706574345, -0.20143151359109332, 0.44018411525595735, -0.32294654836423814, 0.45192162111336187, -0.4802417308594687, -0.01854658827635363, -0.19637542362751417, 0.2174165596882927, -0.2812840619115717, 0.28419886455490806, -0.1797169354365929, 0.250807132123369, -0.12858652075772534, 0.053534954234697646, -0.1987734876736972, 0.11481836368501293,S
0.0, 1.689109167350798, -1.3103035228203093, 0.856545477846675, -0.6275122435948868, 0.766160048368272, -0.6439934940775601, 0.6366597557586049, -0.6437971286818718, 0.5032480779946746, -0.4911771966968096, 0.4275968559823343, -0.5167706914692334, 0.3841642927894407, -0.3485290233397534, 0.4007678590365672, -0.27443275602723627, 0.17132121966397987, -0.09177215852392798, 0.021095201523397916,B
0.0, 1.9506341327979415, -1.5782360536980822, 0.6130789923389212, 0.12516955951301492, 0.12027031639210167, -0.6091960262505102, 0.8650907164500441, -0.8937981881621636, 0.5909355848422897, -0.2632596264273353, 0.06532624421410026, -0.2893074560813338, 0.46593300208267985, -0.4183073630306444, 0.30848193260162887, -0.17418236716123275, 0.13137025366686383, -0.05373875303730031, 0.0012313868048366165,S
0.0, 1.3623296503066782, -0.9009750402494691, 0.7854975209479197, -0.4561114260517788, 0.7421910913702161, -0.846617438298682, 0.8541408444855801, -0.7305168444690591, 0.39516947921705575, -0.5163014084468553, 0.48741648143419, -0.5918619130762722, 0.5073032900342906, -0.39696367955301415, 0.3645579583162797, -0.15501482755088014, 0.1750732479116817, -0.1891642562947175, 0.06592009086626968,B
0.0, 1.2224801968636574, -0.7944157590499378, 0.9142575267474737, -0.6482966542987616, 0.9136095311225968, -0.9242084949903445, 0.8775762075406252, -0.7997211793494317, 0.6043752803156722, -0.7672875448349782, 0.5743324793188469, -0.5784668784841498, 0.4928428856774265, -0.3797168264086733, 0.3638791136289412, -0.18573249685442972, 0.18105746326091912, -0.1547377441076374, 0.032994736765465105,S
0.0, 0.8043752170312243, -0.4483462701621307, 0.6228462320581564, -0.35353074712445887, 0.5639222083980496, -0.45526596144421766, 0.6871337461170606, -0.42970236536675394, 0.0019843574441710636, -0.36200465066919874, 0.25698139086684113, -0.3459659533869188, 0.2293473521375748, -0.24860185078362754, 0.3174903622375762, -0.18349344823789437, 0.2204699867703099, -0.2771837011542981, 0.10183485879044506,B
0.0, 0.8438154964384703, -0.36909567898756523, 0.5261867401758927, -0.2458512642111026, 0.46558659363286353, -0.35369956723319074, 0.4728839924152983, -0.5289951943775462, 0.008994609122519284, -0.24258265011373242, 0.26724254089889626, -0.2819967102610736, 0.3175766586009453, -0.2291878912432835, 0.30010466069139635, -0.16677400779912654, 0.10507089196199959, -0.21041489870812963, 0.08539840100518137,S
0.0, 2.207319606858985, -1.827651411917248, 0.4246117298543276, 0.12466854849249719, 0.5921118448951875, -0.8399022250857062, 0.4786547061606884, -0.37528439937308294, 0.37962313567806044, -0.21430015450354864, 0.06320148527406358, -0.39920011713210096, 0.5494461942541661, -0.3461667318948246, 0.25110027886613434, -0.2553569043171844, 0.19893981097367885, -0.03513773470289682, -0.023222050813342558,B
0.0, 1.7996433397444396, -1.2216774322109274, 0.31667876986429144, 0.18037092674160896, 0.2000776708890939, -0.5288120858481693, 0.596256135175965, -0.5752898355012211, 0.3018722140583328, -0.20501521502330516, 0.16810929591859408, -0.27002493615808265, 0.2423607709666393, -0.16427122344123712, 0.25068785250113357, -0.25012595764017637, 0.21551864123296832, -0.14665549933522862, 0.042244410165739446,S
0.0, 1.3571218697011345, -0.8934664819517711, 0.7786179517310324, -0.44423393921756604, 0.7243600595342861, -0.8277709685426139, 0.8387147672165176, -0.71606230109064, 0.37741194120071564, -0.494823401320762, 0.46726990494358556, -0.5762328358146067, 0.49458729495748055, -0.38769116752268257, 0.35619846848254977, -0.14841628262102652, 0.16951086074791963, -0.18376627107788854, 0.06402570727090671,B
0.0, 1.2219434556103959, -0.7969059990120341, 0.918817616151936, -0.6458714702525045, 0.9067640506478802, -0.9173612866886992, 0.8768730083645067, -0.8013421495007688, 0.5971712182038946, -0.7617349486192522, 0.5709590877174687, -0.5772130996381041, 0.4900992797408865, -0.3766107412052603, 0.36220927802933506, -0.1816039239157326, 0.1785959004529973, -0.14947928363668547, 0.02967793644061822,S
0.0, 0.8064502615555499, -0.4461065918371522, 0.6216442155678927, -0.35537593903163867, 0.5592912645995688, -0.456029561675359, 0.6860758616490553, -0.4260562736145543, -6.296986828986758E-4, -0.35880665093179215, 0.25515805093389843, -0.34048909084173595, 0.22454367265554886, -0.24663851698553832, 0.31483506444582265, -0.17942264123958235, 0.21838055693137506, -0.2751450700851189, 0.09924460636521575,B
0.0, 0.8318277184038881, -0.34340103796732, 0.49935452364073785, -0.2268076635620453, 0.4432492068464685, -0.3346133714681281, 0.45477866194399735, -0.506620808330708, -0.006422644568578036, -0.22337912284040212, 0.2478275760385035, -0.26706714767725187, 0.2983690107080682, -0.2151004040919553, 0.28545649356325775, -0.15121991822327782, 0.09431759884973179, -0.1972219661670493, 0.07699847929099789,S
0.0, 2.2064894799000667, -1.831029729030021, 0.4324663396971109, 0.1271654646867407, 0.571768557644401, -0.8211879546638194, 0.4804259348442315, -0.3791215748197086, 0.36475723267579485, -0.19564801404791196, 0.06269173165499492, -0.40834811083201156, 0.5428603945339626, -0.3301507285958169, 0.24605962421772637, -0.2576602445811028, 0.1959349161026964, -0.026963708744287936, -0.027341650229177776,B
0.0, 1.7970812136650547, -1.2125803076344346, 0.30021925365752133, 0.19997755511648826, 0.18095418903722382, -0.5128298088768728, 0.5818978236006055, -0.5599869754870817, 0.2859597899418843, -0.18746415555939244, 0.15259918005956055, -0.25975871811052703, 0.23060478247980726, -0.1529532858626562, 0.2408824290863431, -0.24217298442939858, 0.21028866178650277, -0.14079221131680883, 0.039581657544632824,S
0.0, 1.361544473291523, -0.9039083643295817, 0.7886201823388092, -0.4482017141189272, 0.7275059905546594, -0.8302146719009111, 0.8479621854997661, -0.7283611137895017, 0.3808574418601228, -0.5016822440447257, 0.4761704532292259, -0.584589200693532, 0.5012748050568095, -0.3934583449578438, 0.36234672871338935, -0.15091667164669625, 0.17221775727670974, -0.18568753136607744, 0.0646552526064896,B
0.0, 1.2245020291904027, -0.8041595037688709, 0.9275583717517011, -0.6487359058830722, 0.9096711314514166, -0.9217703903858345, 0.8869278416185111, -0.8109634480419249, 0.602322531269928, -0.7704333215800225, 0.5776727448594324, -0.5833593688400586, 0.4918463918292287, -0.37677865835365904, 0.36563538636251874, -0.18225778204222032, 0.17891110663656493, -0.14800117319883518, 0.027118130866118313,S
0.0, 0.8117093604313445, -0.4463245824801543, 0.6205446212359941, -0.35888204677119906, 0.5546554096268305, -0.4585493358484275, 0.6856736775586503, -0.4235601229846604, -4.901474284539028E-4, -0.3554550859250597, 0.25644149323525117, -0.3372907232922203, 0.22159017029584233, -0.24806924622169324, 0.314180627492477, -0.178239141555683, 0.21892108764037216, -0.2745384907138528, 0.09684221377281592,B
0.0, 0.8308705871101648, -0.3379419832113886, 0.4924083893640655, -0.22053719885501288, 0.4328017182300936, -0.3251559915775234, 0.4477604923149458, -0.5005301431865071, -0.010954602334900868, -0.2156766076010857, 0.245302246181631, -0.2628642235233643, 0.29128339845199547, -0.21263825179827495, 0.2821489590429186, -0.14939724386386546, 0.09121052490795808, -0.19271685962186957, 0.07613648008280406,S
0.0, 2.2111607824539834, -1.8402471751084994, 0.44065163660306644, 0.12481934330434187, 0.5706688730475781, -0.8250668207921731, 0.4905109206049631, -0.3904657589972587, 0.37153188842920076, -0.19967841929537883, 0.06814085288927994, -0.4152724214806349, 0.5454701681541533, -0.3299569286686115, 0.24933624055395423, -0.2617436961172066, 0.1965901426768067, -0.024612473448800777, -0.028599894085314586,B
0.0, 1.8031130756681555, -1.2220479090048308, 0.30432655015470733, 0.20127739073384615, 0.17645862523755662, -0.5156416615334828, 0.5869906569363442, -0.5598160946842503, 0.2847897668862311, -0.18582355030479253, 0.15201694562126686, -0.25849804686997946, 0.22507486635130083, -0.14730008133308198, 0.23791441736395685, -0.2420442124613026, 0.2118329607771294, -0.13958540530975552, 0.03811548777537416,S
0.0, 1.3562170970592737, -0.9128712336835123, 0.8077633403208936, -0.45416921889932094, 0.7384554438019284, -0.8455910518247596, 0.8673043468561848, -0.7550491403813443, 0.4078566199427507, -0.5239001176711995, 0.4977441146407588, -0.6042689154989443, 0.5092864236026168, -0.40017363429204394, 0.3738970943994253, -0.16602729362097646, 0.17868816021546582, -0.18885630876877574, 0.06979406355809795,B
0.0, 1.2282552038634924, -0.8144771908039868, 0.9401810562887801, -0.6572244749734305, 0.9165016109954354, -0.9273993630476683, 0.8955939574677955, -0.8219509652220759, 0.6081972561065523, -0.7758077339104559, 0.5840405738949177, -0.5901564747817205, 0.4963369792740352, -0.38095672525310653, 0.37131832267640025, -0.18474953496530558, 0.18072520135107398, -0.14788949849706093, 0.0255610090599016,S
0.0, 0.8193995465300521, -0.44412804874761935, 0.6203583252230126, -0.36604484396989884, 0.5501513512091638, -0.46589492476383665, 0.6835757153407989, -0.4248963610892273, 0.009510955374464987, -0.3489786904572193, 0.26136946941814554, -0.34027027227262524, 0.22324544036932722, -0.2510619645060825, 0.31196135415791, -0.1803079330793598, 0.2159430730614269, -0.27022251388904006, 0.09725449882790509,B
0.0, 0.8362925261812022, -0.3427247995737758, 0.49503772665713336, -0.22801306987197187, 0.43593216745720953, -0.3322882511889749, 0.45444784870433264, -0.5040626988691026, -1.717255966742319E-5, -0.22293218553347832, 0.25194063259949895, -0.26975779769858693, 0.2954479699234332, -0.21892141283608108, 0.2845628957304579, -0.1516719138929699, 0.09494140664173036, -0.19469382961399048, 0.07745606482851067,S
0.0, 2.2045658516088924, -1.829216511495819, 0.4415875856867562, 0.11105145771090412, 0.587311618131348, -0.847223563673637, 0.5194594968569802, -0.414781482805157, 0.3854650426636246, -0.21264800121112815, 0.0838591557114475, -0.4290824762550698, 0.5566681837262695, -0.3403146065393707, 0.2541728916869973, -0.2582935457357959, 0.19424905125108938, -0.02762341839466584, -0.026422810973785054,B
0.0, 1.788115509860692, -1.1983571752549484, 0.2998354505167141, 0.18478779746528243, 0.1913545636925674, -0.5059219466190026, 0.5607706050154232, -0.5448090015117959, 0.2911064534795327, -0.20078702550547017, 0.1599526073654833, -0.25995329498530806, 0.2312827221665693, -0.1570041591171109, 0.24297258661116883, -0.2374764323212751, 0.20225924195621311, -0.13420038253793587, 0.03656259986159992,S
0.0, 1.358440049306729, -0.9179630621300598, 0.8120637665204813, -0.4500302191546219, 0.7292251251253394, -0.8344938175345643, 0.8636741310310266, -0.7538268708455176, 0.3969228442836167, -0.5160535471339049, 0.4948966926977129, -0.603253554109097, 0.5059212408555572, -0.39639636260234806, 0.3735338782318189, -0.16572673079181033, 0.17980355623469088, -0.18702303924178595, 0.0677533240780099,B
0.0, 1.2176668029819746, -0.7881267237665012, 0.905030343385671, -0.6170922830428017, 0.865159405343005, -0.8607323501840175, 0.8202276439998568, -0.7488190378418308, 0.5449461509058343, -0.7159586394513282, 0.5229358353236925, -0.5339391434282241, 0.45200470100617673, -0.33822405928530475, 0.3276224877233894, -0.15303898446162234, 0.15975111797406838, -0.13950080835817597, 0.026150797031790154,S
0.0, 0.8215366536823578, -0.4434911132849373, 0.6203377853611434, -0.36873504903041193, 0.5454369580245488, -0.466396513602567, 0.6802348152654955, -0.4184123584719812, 0.006994910346378716, -0.3427783529284724, 0.2603854021384463, -0.3355946687403209, 0.21736032848821202, -0.2503189566787089, 0.30906041326675526, -0.18179923689977512, 0.21746675268969645, -0.2707102376602659, 0.09881969829203607,B
0.0, 0.8381430993195226, -0.3413426063756017, 0.49089065436346774, -0.22902306634346897, 0.4321831959265413, -0.32967100204168653, 0.44856546725733054, -0.49131231025980177, -0.005910516964691024, -0.2150201543287646, 0.2452437139465421, -0.26574493793418086, 0.2886016341169339, -0.2158518552540531, 0.2789078650356998, -0.14697601632856722, 0.09615353703860678, -0.1953398411849942, 0.07737193785685383,S
0.0, 2.1985216687266673, -1.8232605235310788, 0.44586543922329724, 0.10537657501545765, 0.5809842851537028, -0.8360586698288112, 0.5197209630818922, -0.42202493456219675, 0.38861154167224515, -0.21356206484321935, 0.08711695815743896, -0.42836061562514605, 0.5501609412918246, -0.3357744850667536, 0.2558050244973206, -0.2603927157530389, 0.19108952578894883, -0.024094514651662503, -0.027270647553775527,B
0.0, 1.7873595704643412, -1.1958812739805396, 0.29622332173565874, 0.1818632378389989, 0.2083253887211433, -0.5280760699361705, 0.5685573012436701, -0.527211236573357, 0.25627861689734566, -0.1746846639990878, 0.1618994888335, -0.2803966242085626, 0.24982282403659417, -0.16202349850513265, 0.23488334523878648, -0.22905852844372518, 0.2028859892207031, -0.1402216102866058, 0.0400982730380205,S
0.0, 1.3379893121708493, -0.8457226361117494, 0.7515161649452037, -0.4886650129141007, 0.779689082377053, -0.8032645845679365, 0.7609954203475833, -0.6659452528912417, 0.40942454349494123, -0.5514985779600481, 0.5311167459037812, -0.5914038291338646, 0.48096743367413686, -0.4215249487328629, 0.3959616970449838, -0.17460592694354093, 0.17012483454589294, -0.22649606132407996, 0.10903962704649141,B
0.0, 1.2543839356107769, -0.845295654218961, 0.9945495133024944, -0.6658308976983843, 0.8833252465287834, -0.9816119916774169, 1.0265567605692902, -0.9907737377934241, 0.6767669234210444, -0.7423465812851461, 0.6191393602228469, -0.6506191094089442, 0.5023728539926191, -0.351050807076826, 0.3186025482384702, -0.1573652204280826, 0.23881175173655142, -0.19681814974419787, 0.022431263978810418,S
0.0, 1.004706342327187, -0.5569310736586278, 0.7203097719721462, -0.4838353504149253, 0.612730766646321, -0.6195078906268655, 0.6920433301922887, -0.561584345161892, 0.032482994127900316, -0.2508226567665554, 0.3318205351983296, -0.35898554153975365, 0.27816607081414835, -0.2292735465601088, 0.3208745844771785, -0.16888059094074825, 0.19035323663880957, -0.30793473768156343, 0.11727899815910771,B
0.0, 0.9425191938998589, -0.4480154533227351, 0.5429049663780179, -0.35010149755795195, 0.4823299515728781, -0.4086961203550524, 0.5047504086308993, -0.5734564802902908, 0.15731234335844585, -0.2609006110676638, 0.29904750033677385, -0.2984846677987701, 0.30699161180060713, -0.3021446645349578, 0.3435198273198291, -0.2041169444190914, 0.11374287186277621, -0.20623723607005062, 0.10637930298777484,S
0.0, 1.913778656356757, -1.6204928850439748, 0.986574273447568, -0.6581832619189184, 0.5606396314299342, -0.22501537945139438, 0.3492306489459894, -0.6177125416362222, 0.5590873683781252, -0.48137667318411187, 0.4285171879560477, -0.4918915942305241, 0.3262224669594745, -0.2803958500988713, 0.35365152748890194, -0.2689033669012295, 0.14070677542946888, -0.07726910849204574, 0.04013466342644527,B
0.0, 1.870083874150052, -1.3220240717432952, 0.4303938323387514, 0.006844330524854421, 0.3789154134082374, -0.667503301006273, 0.5742208935333869, -0.50987914579786, 0.3341592732747297, -0.26285691294110036, 0.23374056845994817, -0.35506027032313486, 0.3634170860290444, -0.2747522634320634, 0.3013114712033991, -0.21620288818711225, 0.12274877603415432, -0.06652386119024804, 0.01731891409360007,S
0.0, 1.3387836027454332, -0.8475923891633377, 0.750377445307666, -0.479891776931275, 0.7675619705404996, -0.78800627867258, 0.751773831232853, -0.65712073748434, 0.38992486268979265, -0.5355148384259205, 0.5194240710679159, -0.5818617977117276, 0.4710138255469829, -0.4120949059821146, 0.39165683989766786, -0.16947134654477142, 0.1638218288288439, -0.22082017633641907, 0.10607289099809449,B
0.0, 1.2519255816481891, -0.8427877113136657, 0.9896015220326495, -0.6574910226419564, 0.8740517686750585, -0.9692801189844148, 1.0142161725944945, -0.9812248517228743, 0.6663382605374677, -0.728921627389581, 0.6065313862567727, -0.638578097689094, 0.49225237432945657, -0.34530107176726554, 0.31284610204052254, -0.1492050796565855, 0.22983480271631884, -0.19220443026026612, 0.022122330825723572,S
0.0, 0.9948986712629844, -0.5430882606964551, 0.7045812231186377, -0.46537307233914815, 0.5990249320893195, -0.6022927714547931, 0.6763224906441998, -0.5463887808668663, 0.012512155190555794, -0.2343323722788487, 0.3131555257795871, -0.33949948196565166, 0.2625576015596478, -0.21168792440057949, 0.3073981234977505, -0.15592213017686446, 0.17979702462916133, -0.3029125380192874, 0.11325197233380312,B
0.0, 0.9215419306977146, -0.4116531223515565, 0.5013229265662739, -0.3036005534209489, 0.4374630783715372, -0.3611738796773604, 0.4557856531854204, -0.5241376737759607, 0.10658962132369224, -0.2110565648234312, 0.25217420110521466, -0.25713520836354403, 0.2695865192416388, -0.2666765090011611, 0.3091964737881785, -0.17342126779155398, 0.08565068052265591, -0.1825441124324651, 0.09617085813890175,S
0.0, 1.9159175171560108, -1.6251340023226297, 0.9936670664269489, -0.6616549563297803, 0.5538352617970009, -0.21433378441738893, 0.34721281323352143, -0.6210645503441754, 0.5549861910708265, -0.4739017917012739, 0.4278008144268346, -0.4970089964637896, 0.3236798203640044, -0.2742709894821301, 0.3528604318532097, -0.2702618742045571, 0.13865648103128445, -0.07270882503333598, 0.03860838676604143,B
0.0, 1.85199522185833, -1.2772506620047392, 0.37981778715281866, 0.04805757635582724, 0.34538581140818186, -0.6303721106304214, 0.5309471768476749, -0.4707645486499641, 0.3021091674817897, -0.2345584344761617, 0.21059962927355252, -0.3394016061656937, 0.3515937946766478, -0.26376107428446394, 0.29251606903068356, -0.21116598304011308, 0.11925932365803879, -0.06254935785562671, 0.015508526825101447,S
0.0, 1.3386280370502859, -0.8472487449673504, 0.7500047512637606, -0.479680596535941, 0.7674421337107892, -0.7878018757951328, 0.751331800883036, -0.6565523314694275, 0.3893250006814418, -0.5349333430479556, 0.5191122250034543, -0.5817101075842561, 0.4709004109871671, -0.41214105681740415, 0.39185931699280613, -0.16970627862202772, 0.16403060325396823, -0.22084130816174116, 0.10598767500593709,B
0.0, 1.2540263930189435, -0.84603504611578, 0.9980061491541126, -0.6644994145284094, 0.8757016898526543, -0.9729889237823146, 1.0243263803018974, -0.9896443458038745, 0.670916990694374, -0.7368544857924373, 0.6118694424417555, -0.6458245639532836, 0.49582667499221733, -0.34608944385925716, 0.3192162570106553, -0.15258690629973515, 0.23251009143306775, -0.19312484993585183, 0.020979179122067575,S
0.0, 0.9956238450586028, -0.5392029724574429, 0.6995682827632632, -0.4639825295225062, 0.5923507306717407, -0.5985954721039239, 0.6744760018474203, -0.5376541476350519, 0.005895444201229142, -0.22827929616994147, 0.30641105036864513, -0.3373807164866759, 0.25611249428922805, -0.20787539657369622, 0.30387331810717905, -0.14884849399445996, 0.17880505140189706, -0.30087335455609027, 0.1101215641173328,B
0.0, 0.9216711440884623, -0.4063328085649984, 0.4953470468218532, -0.3046803877796228, 0.4347638609150115, -0.36193855636615074, 0.45518568456524966, -0.5201599500122063, 0.10748411050868728, -0.20786841217479446, 0.2472914651941815, -0.25122985459493685, 0.26020099594379836, -0.2617003087158113, 0.3064163648675204, -0.1706758548459149, 0.08545909133898172, -0.18012390518471338, 0.09334532219236083,S
0.0, 1.9051586881842275, -1.609823515183559, 0.987352003143414, -0.6652076484812325, 0.5637827158862757, -0.21614083640457946, 0.33154349100908787, -0.5976558356046086, 0.5452349863933534, -0.4759196162850203, 0.424228881601105, -0.4863632855624827, 0.31141070525858044, -0.26284601854390977, 0.3478119154637426, -0.27308155434096254, 0.1477590699563965, -0.0831951455223997, 0.042542618295294696,B
0.0, 1.86933275718745, -1.3161681496626314, 0.41762143479537145, 0.0301346923841623, 0.3471292979785024, -0.6367203513207254, 0.5519762496987787, -0.4964258687763888, 0.32629620123198644, -0.26168648865527205, 0.22966758863737124, -0.33623940713768646, 0.3393869289664944, -0.27226192467472093, 0.317391965545526, -0.22175295220736288, 0.10700436605963563, -0.0438246607874239, 0.007043400250790292,S
0.0, 1.3419642442388218, -0.8553078585641368, 0.7552773624464001, -0.48002457302972373, 0.7652763573230422, -0.7816828520610777, 0.7467369963297509, -0.6531722507390453, 0.3917184480575456, -0.5395183276855595, 0.5164875480414335, -0.577427912940263, 0.4653566441819154, -0.41118139031222173, 0.3931433358344753, -0.1683656934088705, 0.16308645232668598, -0.2203620526159181, 0.10638015609664375,B
0.0, 1.255448395605526, -0.8474543226453013, 0.9968932594775994, -0.6610620860823844, 0.8704273726868358, -0.9671313685027533, 1.0184077084929715, -0.9861260297771265, 0.6665765273800013, -0.7336208207176501, 0.6094626967151948, -0.6410365632444789, 0.4918213494998417, -0.34409126151432634, 0.31789051208855157, -0.15013467362921187, 0.2320572324629935, -0.1930569713535064, 0.020357596226167608,S
0.0, 1.001917893216738, -0.5434044663227404, 0.7022003847080386, -0.47329988108699145, 0.5926802762261296, -0.6059457498506462, 0.6841224838170444, -0.5406467524764311, 0.018790470227064197, -0.2338600151526356, 0.312013898723597, -0.3461245499086864, 0.25577497706776514, -0.21317084890347562, 0.30668198521592466, -0.1485581420978401, 0.18024506047086694, -0.2985538048041875, 0.1087354497173232,B
0.0, 0.9186326297464047, -0.39530811454128406, 0.47965912508647446, -0.2915826789599964, 0.4174802004772011, -0.3460892902608447, 0.43659735494286506, -0.4976631778764472, 0.09077646437795699, -0.19347584806706214, 0.23440384999260705, -0.24017812127689622, 0.2468422633053707, -0.24808596588086168, 0.2923862377362817, -0.15601282043846923, 0.07659377973955216, -0.17349521044479482, 0.0880132387048493,S
0.0, 1.8960730205179812, -1.584674187052265, 0.9499226361110131, -0.6281163112204183, 0.5466018591604427, -0.22572793019823642, 0.3540007934886141, -0.6108402562960564, 0.5451314174483854, -0.4687535477942328, 0.4156656466111425, -0.4877215931574572, 0.32304487098890183, -0.2800150261678564, 0.3621425314256048, -0.2780087364595319, 0.14292915400461162, -0.07454579329415151, 0.03891449434546883,B
0.0, 1.8629763983996042, -1.2977243292640825, 0.39550900736596706, 0.04452682075726168, 0.34112836659437495, -0.6281364993381957, 0.5370319485927201, -0.46876667801624616, 0.2795787240244091, -0.21388943431404242, 0.2031267750299195, -0.33151839174015335, 0.33139409582413715, -0.2500042360978195, 0.2916064156512647, -0.19931140119848803, 0.09403804079555321, -0.039185549239622086, 0.004929463817565619,S
0.0, 1.3398935682967994, -0.8520262266670783, 0.7531762653351185, -0.4779802613641141, 0.7620694953815585, -0.7781803427422999, 0.7440390077936241, -0.6511224259966621, 0.39038823681095514, -0.5368403349956598, 0.5139926283165895, -0.5770736711379788, 0.46416202828857683, -0.40977179382957496, 0.39217276238813964, -0.16807723886789575, 0.16443197650679284, -0.22103373672487941, 0.10606698775868884,B
0.0, 1.26240425740027, -0.8630582284326705, 1.0128242488617698, -0.6736347226290634, 0.8804631892359222, -0.9768109459838515, 1.0385378478075487, -1.0054307524310815, 0.6773571350897571, -0.7461053411674676, 0.6208592937196414, -0.6531644223975542, 0.5002797257677515, -0.35117308818562804, 0.32467613458794775, -0.15371032355555156, 0.23728318355456532, -0.1933608473506465, 0.018440765779415242,S
0.0, 0.9964240229832844, -0.5379510382349184, 0.6957493042214947, -0.4648383426688338, 0.5870825498186174, -0.5973212233315165, 0.6771185517979886, -0.533684455475159, 0.0097431802597892, -0.2276956743278254, 0.3068887080392367, -0.34030882868216206, 0.25217237919895297, -0.20870084620068816, 0.3046091259564211, -0.14777876703673345, 0.17941473136176636, -0.3007723408133547, 0.10943117245198154,B
0.0, 0.9172475303991868, -0.3942371225657434, 0.4796293114599906, -0.2933982297359499, 0.41699025456944055, -0.3460050788523497, 0.43634746814611924, -0.4983201144697385, 0.09676119906036162, -0.19610155460609044, 0.23994062987329276, -0.2439298004273331, 0.2480496539695279, -0.2497877384585035, 0.2912245078836376, -0.15990631310125705, 0.07866492573692321, -0.17421054027709898, 0.09079674349669858,S
0.0, 1.9001650694531338, -1.5935085919649292, 0.9626250139030271, -0.6360160438044341, 0.5422830752985524, -0.2180106977007716, 0.3544070463996788, -0.619103350215566, 0.5504072252982191, -0.47165204359307655, 0.42224113387244244, -0.4970431173520229, 0.32489329935844463, -0.278590403520613, 0.3643742645132361, -0.28264003926664794, 0.14641329996882418, -0.07636707845356895, 0.04071234817522914,B
0.0, 1.8746573769945045, -1.3325119410443573, 0.4415156747663094, 0.010527186644983798, 0.34981578188374557, -0.6316966284939022, 0.5651365657034629, -0.5205639492217977, 0.3336232025793757, -0.24963293998064906, 0.2204436855046244, -0.34566063438893135, 0.3509229963681267, -0.27194908977688315, 0.3152510476798967, -0.22108111203899555, 0.11088156380272249, -0.050566046374312466, 0.008828986914907988,S
0.0, 1.35230269382508, -0.8373810889649344, 0.7331676951462117, -0.49602662832484984, 0.7729574467641012, -0.8872297211860439, 0.9361989477508812, -0.7528052388742317, 0.4648260967180221, -0.5735035420676697, 0.5209304449710721, -0.615805462406081, 0.45602984271442026, -0.4231240337867609, 0.4362210623743509, -0.22278744136253628, 0.22876363154256277, -0.19298557013749512, 0.05755287371617537,B
0.0, 1.2757262291278826, -0.8793238680168615, 0.9565909263796094, -0.615998171834564, 0.8597045491616176, -0.96467290312816, 0.9780578161897919, -0.8612885505338754, 0.582090810400132, -0.6831534384856098, 0.5568456892443849, -0.6606189610878865, 0.5695554783719313, -0.3740441057336095, 0.31601851161829075, -0.12725092051125, 0.18394477064480363, -0.20440923949011486, 0.04288394657880681,S
0.0, 0.929367844540316, -0.46729626642666455, 0.6316176399453335, -0.41776094916211354, 0.5198130464354616, -0.5090972676314568, 0.6226171041567804, -0.42753902171597796, -0.01612321694361008, -0.20387388540113124, 0.3200470154616263, -0.4267173174544207, 0.2689454072014731, -0.3173538768135965, 0.39423780680776555, -0.20889605837075248, 0.22682301251357154, -0.3381063450298611, 0.13986326560856316,B
0.0, 0.8538780489502992, -0.4613341679402206, 0.5575464668804244, -0.3182897292113592, 0.5731669338384555, -0.39753105670816574, 0.5059493299170166, -0.5286389202057961, 0.07180648827101659, -0.2908295373552026, 0.2746337384691892, -0.37696530172677245, 0.3715554198365839, -0.2933011889709908, 0.37736647921279054, -0.23249630858734915, 0.15111893804308552, -0.2000443654144667, 0.08735708585234972,S
0.0, 1.9674650179688742, -1.6943579185736626, 0.7813272107461348, -0.22505050570088492, 0.5529603983796865, -0.7090012716897116, 0.6934915066783736, -0.6379441738397568, 0.5766889405787644, -0.5939238457305767, 0.4652145316159896, -0.49373125771443943, 0.38880481730976774, -0.32777848973811585, 0.3158654043752205, -0.2689280727803118, 0.23694078879439504, -0.1203509665766399, 0.030375143777972468,B
0.0, 1.8692150411620179, -1.3911272793229008, 0.4710607977892407, 0.13467712424533926, 0.16586105878126295, -0.4602700616573998, 0.5307125532542599, -0.6310389109110812, 0.43165495944700777, -0.20188736734387294, -0.009547896802059723, -0.10888138228674779, 0.23259894423018324, -0.3097097303386981, 0.4481842200761721, -0.3382980458041315, 0.13564729771777398, 0.04085355066043375, -0.05934636845634025,S
0.0, 1.349289389123061, -0.8321930637724347, 0.7284835318438764, -0.49239452325704625, 0.7672431619555602, -0.878962024705198, 0.9279041553634847, -0.743424215527923, 0.45904855144337814, -0.570593206108588, 0.5166750449264039, -0.6076301946884329, 0.4468699332340263, -0.41940815546479554, 0.4330499858007318, -0.2200328167847235, 0.22488806748365445, -0.18926964164412144, 0.05735437695582675,B
0.0, 1.272193946772169, -0.8725263615601878, 0.94918983849628, -0.6075048648692343, 0.849980961246408, -0.9526102225135236, 0.9646052183455331, -0.8483295431391537, 0.5699003905863337, -0.6711561344140269, 0.5444933238064539, -0.6486920980522781, 0.5588129273910338, -0.365086412109145, 0.3084534239529862, -0.12030620411141386, 0.17807121168107645, -0.19989888534704572, 0.0408560374469811,S
0.0, 0.924813829454432, -0.45994362223891805, 0.6241755295321192, -0.4111016733472924, 0.5123849459034813, -0.5023678659344729, 0.6157789729665523, -0.41876499429693326, -0.02035209159302532, -0.20003703542408527, 0.31182678797617563, -0.4206710326440512, 0.2602619160817709, -0.31003147191737807, 0.38838549616648177, -0.20039501973743418, 0.2212196988922515, -0.33147273604939403, 0.13444777930683022,B
0.0, 0.8432799811678819, -0.4376075527731698, 0.5289036743358906, -0.2919150513391042, 0.5425885556731116, -0.36691825243850035, 0.47219342741089354, -0.49030946075962667, 0.03815924396795161, -0.25731543430325854, 0.24279682565988908, -0.3492922211256317, 0.3431143545913867, -0.2694596133188781, 0.35609624473557894, -0.21424111091649214, 0.13982994283917316, -0.18972509877652083, 0.08120671059080459,S
0.0, 1.946060210225786, -1.6647343328827604, 0.7772365871098983, -0.2325454878876719, 0.5427721491048995, -0.6853034991833733, 0.6855494989879077, -0.6387207303311386, 0.5673991311113156, -0.5795179250381445, 0.4618544900692995, -0.49927513663939216, 0.38367188453606954, -0.31605574592146096, 0.31067261640515476, -0.2690407371368159, 0.2329049559375615, -0.11300987352216077, 0.027279869810047853,B
0.0, 1.8608569375728237, -1.3651180780344212, 0.430932283591393, 0.18146850604248707, 0.1208326387424115, -0.4252839063690089, 0.5029845824581705, -0.6043466216374479, 0.4006035439763909, -0.17231349975152188, -0.028777586787781473, -0.09895064561876009, 0.2209334367227724, -0.2961000334155455, 0.4385566254535407, -0.3308376762113095, 0.12822846763677248, 0.050709829714745025, -0.0648215876540989,S
0.0, 1.353691147562849, -0.8420197121172436, 0.7368813085101138, -0.4928322670615404, 0.7624373218724013, -0.8748641460127495, 0.9322635709121317, -0.7470911968586873, 0.4522260285316303, -0.5647517718376338, 0.5166134290205874, -0.6109809531728848, 0.44561600964447967, -0.41685269017206045, 0.4350730905274841, -0.22157654981553923, 0.22697638558965635, -0.18871330112235404, 0.055213176133164954,B
0.0, 1.272236825286138, -0.8773739102683412, 0.9578150903914235, -0.6106008423357766, 0.8523242826396521, -0.9500034103131146, 0.9648806490251687, -0.8537699115600529, 0.5684675306813581, -0.6704550401558983, 0.5415121000683455, -0.6464628804534879, 0.55774915958198, -0.3655316104582892, 0.3100784838428547, -0.11722432769063325, 0.177744709094719, -0.20004821264393977, 0.039916215171988866,S
0.0, 0.9229065714335515, -0.4515248249758432, 0.6146907526816728, -0.4051276911102584, 0.5033646883814663, -0.4985513160652231, 0.6121531005100275, -0.4136422411461639, -0.022998004141841097, -0.1947136307671384, 0.3050735766593427, -0.4133218483185668, 0.2502658084507246, -0.30096688532220844, 0.3780329392890913, -0.18634050077321018, 0.21080793446826254, -0.32248515133527156, 0.12827390109214465,B
0.0, 0.8425302597929109, -0.4289458349271709, 0.5162934077569954, -0.28442358380613975, 0.5294028045439042, -0.3588473504167982, 0.46377417212720745, -0.4781695957259677, 0.03381011408310878, -0.24865739457191152, 0.23914221369601082, -0.3492743902534169, 0.3410905546405308, -0.2734007220085982, 0.3560957322633413, -0.2136266804802637, 0.1408675184334118, -0.18864960275532533, 0.08120187814991534,S
0.0, 1.9431099190705663, -1.6674722109732656, 0.7898848894143139, -0.24547593605090737, 0.5451292471584634, -0.6795604823716433, 0.688397509644699, -0.6489139608715481, 0.5743339836253217, -0.5816985862855484, 0.46859554462871794, -0.5139999677591386, 0.3939056181823796, -0.3182717391827365, 0.31120817305395176, -0.27331023934647863, 0.23955120060420218, -0.11751048892209415, 0.028643013031942704,B
0.0, 1.8663301763563171, -1.3732312061987997, 0.4338865622223854, 0.1887239562029165, 0.10650458484958111, -0.4195679043058328, 0.5076421043778507, -0.607904112776623, 0.39569112031067194, -0.16709954943848543, -0.0250342553842545, -0.10920954592875841, 0.22479302013661287, -0.296480568452334, 0.4457442156596124, -0.34134244594359825, 0.1366237983234176, 0.049978700510233696, -0.0666133217597654,S
0.0, 1.3389359126127607, -0.81923064344978, 0.7162299228328738, -0.46856248125821404, 0.7400040334071143, -0.8479361943850416, 0.9018003103653235, -0.719477074673385, 0.43070636151185115, -0.536811220127193, 0.4841437264989391, -0.5907516384666937, 0.4298161925465103, -0.4071070162215622, 0.4195515535662886, -0.19956638257304318, 0.21817628142998727, -0.19202700100928433, 0.05907860204149836,B
0.0, 1.2760061745556535, -0.88791381765864, 0.9705102013383091, -0.6179804941835775, 0.857032360326066, -0.9548884523240591, 0.9783354965069593, -0.8706144126445322, 0.5788570890042428, -0.6804001839119067, 0.5490144394777077, -0.656574920023622, 0.5670026482564475, -0.37368133030866224, 0.3193929718649802, -0.11980106903866895, 0.17842779619886157, -0.20043504836379822, 0.039076770321162246,S
0.0, 0.9272533799291611, -0.45529676772360744, 0.6193468555247078, -0.4141158189981868, 0.5062816069728466, -0.5068452368817469, 0.6176745660314209, -0.414224010936024, -0.016573168684934327, -0.19756675218115477, 0.31016118338918136, -0.41768264877955363, 0.2518846093380672, -0.3064363504354322, 0.3794034991432711, -0.18870335587670717, 0.21546224869999417, -0.32274588993698244, 0.12765183370360747,B
0.0, 0.8398738968292403, -0.42398779606866815, 0.5134649897467944, -0.2816801984511891, 0.5301357847950818, -0.36036233492825287, 0.46204196657045726, -0.48016321893956143, 0.030633921589743342, -0.24365789874198474, 0.23728306495728094, -0.3420554764908159, 0.3356536419885588, -0.2655343290706702, 0.34738897310930184, -0.2084613854461075, 0.1348984580100676, -0.1851239834250294, 0.08082122888922806,S
0.0, 1.9619596436862285, -1.6992912017950361, 0.8028513464316278, -0.24521502711526835, 0.5516327377153769, -0.6957893708289824, 0.7011120008572572, -0.6532949330417953, 0.5814137063637523, -0.5942633603012063, 0.47839231069431576, -0.5182091365313093, 0.39290151606545315, -0.3203886326640987, 0.31719326679998566, -0.2765638290039611, 0.24235949712267357, -0.11900274034063894, 0.028538170719927567,B
0.0, 1.8813196467268467, -1.40701188496702, 0.46833147059719205, 0.17983834970494392, 0.10038512710055089, -0.42879890106605667, 0.5331116451155848, -0.6247945006962664, 0.3903897185864392, -0.16195180441976037, -0.010923666366820359, -0.12480065126121158, 0.2269400968336322, -0.2895478080386831, 0.4449734775524729, -0.35069880059908176, 0.14220944041305275, 0.0493997358586709, -0.06722720759879215,S
0.0, 1.3381962427545873, -0.8215124754325134, 0.7202599124236051, -0.46701354300947245, 0.7304328467669355, -0.8382819429463682, 0.9038131083057528, -0.7247108573234778, 0.4297895810166469, -0.5343876510718408, 0.48515614891241876, -0.5941728872453746, 0.43067799692086817, -0.40957256698794553, 0.4252574861474676, -0.205892418265764, 0.22360609363095846, -0.19327286717570716, 0.0585899146487199,B
0.0, 1.2821692146284331, -0.907744706719223, 1.000426720113458, -0.6577211492781813, 0.9002461405076625, -0.9897956194473982, 1.006330845845215, -0.8964455358898848, 0.6112563092204861, -0.726731725714044, 0.5952460871569417, -0.6919872804796994, 0.5926772168808768, -0.3957113359040718, 0.34267863957111566, -0.13893226211201823, 0.1934326255389883, -0.20549977287952603, 0.036674735134044845,S
0.0, 0.9278112230326933, -0.44977592468103555, 0.6109562916806341, -0.4076147741827708, 0.499078388159382, -0.5053817994801517, 0.6188174622335921, -0.41563172394923936, -0.013692460626705271, -0.19781902585096156, 0.3091013450448352, -0.4146522266273947, 0.245598305930592, -0.2993659793306977, 0.3728129333983212, -0.18275190356604498, 0.21172135488957428, -0.3178160238741678, 0.1250040853231405,B
0.0, 0.840028518258458, -0.41888977171610253, 0.5064313872937556, -0.2787753388586583, 0.5242507379539141, -0.3576776593711138, 0.4573271707157501, -0.4731974843305233, 0.028650110985424138, -0.24058524668212106, 0.23527449211880613, -0.3411855587066016, 0.3320838420281308, -0.26184651404874654, 0.34232828577390106, -0.2032977219533803, 0.1337213876019079, -0.18381621276145504, 0.07904974209881507,S
0.0, 1.9401091249929578, -1.6664793500778425, 0.8004597000097783, -0.2663650353616452, 0.555418391180809, -0.6723182983450696, 0.692703376566768, -0.673632365194809, 0.5997169508966622, -0.5901966374989339, 0.4649589207417657, -0.5141285828992618, 0.39009770251643794, -0.3167295924273421, 0.3171948219510776, -0.2784854196495485, 0.2421231902704958, -0.11671351492583638, 0.027630755648522774,B
0.0, 1.8755786167374726, -1.3998442654004273, 0.4633605718345022, 0.19232788574542112, 0.08125785961687301, -0.41406210098283963, 0.5346764826136824, -0.6357265333697671, 0.38865582105681584, -0.15239560827706986, -0.015270350197238262, -0.12387063460115207, 0.22415656739949594, -0.287964574129146, 0.4528964055579136, -0.36344734184493227, 0.1480398056861149, 0.050888744113345534, -0.06900386246975672,S
0.0, 1.3508996265008058, -0.9016997679574634, 0.7969109259740271, -0.4762473523876346, 0.7539348631329826, -0.8574564644399975, 0.8730361044803887, -0.7153690488358748, 0.41858033271745065, -0.5548842511433189, 0.5601046832456227, -0.6630955067978258, 0.511825900534566, -0.41974595091542155, 0.35501944024402027, -0.1641007813601987, 0.23417234802034495, -0.19960444764204047, 0.05069374193437551,B
0.0, 1.2937669459941181, -0.9268295674863313, 1.0335182415232813, -0.664421948703364, 0.8399456889146467, -0.9354486755744682, 0.9650118357169621, -0.8865520137897905, 0.6133126014343636, -0.7108636288747872, 0.5556323880555888, -0.6183995312774677, 0.5069217321269109, -0.3375054039144485, 0.32189414299991315, -0.15190422788708904, 0.20684740359990472, -0.1905816115352173, 0.03997028261248777,S
0.0, 0.850749314808337, -0.39217763403826783, 0.5843660722694359, -0.3240199803178645, 0.4533351027534369, -0.4648467747761547, 0.5648602585133622, -0.35360450710469576, 0.029332421998255313, -0.2641782292765063, 0.2807556584592799, -0.42179357635230513, 0.28001659820012054, -0.30618904380537953, 0.35820069676978955, -0.20737531833230963, 0.20987345885062095, -0.2641342632235453, 0.11350241166468258,B
0.0, 0.7270156951251036, -0.3008977946352775, 0.395385211454361, -0.15456213890485734, 0.36730813210613034, -0.2092474653002273, 0.49570794366156673, -0.36108772970361735, -0.016356040948675172, -0.22758897615968177, 0.16791221438004558, -0.27302924761887815, 0.24298683878620386, -0.2736281773082825, 0.2377769984131609, -0.14575875288675208, 0.13598898803832354, -0.20143076255748874, 0.100230054796605,S
0.0, 2.055377136674501, -1.7663055550231308, 0.6236018931804347, 0.10777122968767527, 0.24486001612535432, -0.5741211848644028, 0.6960891876162614, -0.6841272282770611, 0.5242448931823748, -0.38058288523036865, 0.24228110563065638, -0.40857483752677715, 0.4620228883480111, -0.4426835097028102, 0.41474926051064087, -0.34638999523014913, 0.24979867002179046, -0.08896100620688552, 0.014282236111154518,B
0.0, 1.9736556797945595, -1.4554408369160978, 0.30541188087771876, 0.38508060041129516, 0.1011938161519247, -0.8067160353539918, 1.018119784112928, -0.7667492379672268, 0.14509296409896366, 0.12982791170811797, -0.02531024490560823, -0.35809224560371794, 0.44570278565538846, -0.24741559787350956, 0.22966928413854984, -0.17776083633531864, 0.09693197447686847, -0.008267995084748785, -0.022654073049052738,S
0.0, 1.353559922267695, -0.905518274345993, 0.7970427772199626, -0.46883962367760323, 0.7426780660012061, -0.8462452198213356, 0.8686914093418928, -0.7082985659903414, 0.3995794917746984, -0.5417538284087757, 0.5551874221379924, -0.6589675547653516, 0.502210277081328, -0.4104588923392386, 0.3493594647267817, -0.1610486728670621, 0.23400186221281788, -0.19587540121397404, 0.04826848214732202,B
0.0, 1.291278526967619, -0.9204626268943378, 1.0238701681190991, -0.6527540985391829, 0.8274643761784585, -0.9231009015948703, 0.950674622365717, -0.8710816774958918, 0.5973411979593785, -0.6936759549296985, 0.5406059551764755, -0.6074101403628251, 0.49739596580623024, -0.3284733148187116, 0.31194386878497543, -0.14237414285825162, 0.20377758397825474, -0.1907329348543411, 0.039500009759781816,S
0.0, 0.8501923730742365, -0.38608666389447477, 0.5759717870609188, -0.31666649231744937, 0.44106729599903943, -0.45703372817744914, 0.5549679047098537, -0.340029916893753, 0.01948437551191153, -0.25269521440308307, 0.2691173800801916, -0.412079090905821, 0.269396352744931, -0.2969027788085201, 0.3498742070961467, -0.19976435689240868, 0.2056111819948106, -0.25868433330366597, 0.10883386761021938,B
0.0, 0.7200228975428296, -0.2863286938718947, 0.379273142248318, -0.13987729055692982, 0.3493931631840289, -0.1911784425203857, 0.4771772758934239, -0.3461520656222702, -0.02861676175703978, -0.21222341245796328, 0.1548108395943206, -0.25897248997837946, 0.22799944125676774, -0.2603288170545033, 0.22797750284657095, -0.13716730832996946, 0.12683159189808074, -0.19200705425200423, 0.09534625104748962,S
0.0, 2.0415505334409656, -1.7472706732061574, 0.6182565371384513, 0.11274091261018056, 0.23229824542442182, -0.563847998918986, 0.6969155126537631, -0.6884091793309817, 0.5228017632826757, -0.3782686674451109, 0.2434293033533005, -0.4115089694928961, 0.459308963874591, -0.4381065748781903, 0.4162420517512891, -0.3484434513311722, 0.2473359602273632, -0.0868364216389704, 0.014457190802227796,B
0.0, 1.9738840740273145, -1.4454804091235722, 0.27815835409245787, 0.4204720204019277, 0.06322397076358448, -0.7797433186869742, 1.0032867157398302, -0.7525984456976266, 0.12639833552750038, 0.15516981113902711, -0.04896341355770336, -0.34332717382394506, 0.43027250429195796, -0.2349632923901538, 0.22413637568114445, -0.17392202760853787, 0.09183328556964615, 0.002032470093560057, -0.02823547837977888,S
0.0, 1.3579284929606226, -0.9161049666163873, 0.8068357159224415, -0.47444595816599333, 0.7469012685537803, -0.8494828292719901, 0.880708410936139, -0.72157553116491, 0.4034496312878653, -0.547416867713154, 0.5649591459125827, -0.6720434167710336, 0.5133167419515224, -0.41943591473710085, 0.35563569692825736, -0.16435390639339476, 0.2399126357540048, -0.19953757377044348, 0.04898794593486995,B
0.0, 1.296570207521649, -0.9353876686279972, 1.0408288764426927, -0.6616630247515557, 0.8333295250764765, -0.9273463580076793, 0.961913529201736, -0.8862118123639698, 0.6033605086105702, -0.7025913035723871, 0.5482154496728525, -0.6130976416195881, 0.4983334738358757, -0.32759171232998524, 0.3167027994128739, -0.1437141112989995, 0.20480130116737758, -0.18979378622132823, 0.03762691983451376,S
0.0, 0.8530046225928054, -0.38190459504247126, 0.5712446090738325, -0.31598806915204464, 0.43355689484432397, -0.4567216853073272, 0.5529867610529178, -0.33562554346405055, 0.018678364238361386, -0.24799103473853876, 0.26940407946577916, -0.41213507589701764, 0.2656987326817832, -0.29608881051904484, 0.34800474586440916, -0.19661168590521969, 0.2049075525603893, -0.2578909920533171, 0.1080715414612036,B
0.0, 0.7170422953370031, -0.2757206922882423, 0.3711935553130081, -0.1379800303868857, 0.34524922336296593, -0.19037255130598385, 0.4736639701359693, -0.33661704702943984, -0.03479532492484683, -0.20713945889349866, 0.15065541520690812, -0.2569601938390962, 0.2249836094265477, -0.25913548399185937, 0.2252961626478875, -0.13265923015844888, 0.1263573680124068, -0.19032297368226062, 0.0924925473079384,S
0.0, 2.048355563010369, -1.7657008348856211, 0.6301241982489572, 0.11263970141647128, 0.23738735337010247, -0.5745706884231448, 0.7087702432937456, -0.6974176558133706, 0.5289951696735028, -0.3835278646829731, 0.24654395427430945, -0.4170427905701755, 0.4674141474140861, -0.4485413462235381, 0.4257747737984861, -0.3526674938495458, 0.24880816650129692, -0.08766944975997631, 0.014664850269612893,B
0.0, 1.9757758720792127, -1.4451945181531343, 0.27719548363419777, 0.4123714282950387, 0.07351101118938734, -0.7741062346302967, 0.986103104166587, -0.7377381219021347, 0.12661152682601817, 0.13959776761432854, -0.041251296466653535, -0.33777048575350294, 0.4198180234141451, -0.22805671118245724, 0.22948813533906548, -0.1812062127626484, 0.09616129883292274, -0.0030573224837586372, -0.026228763140451958,S
0.0, 1.3532960778361496, -0.9093987351914055, 0.8044194747182992, -0.4750919357110462, 0.7423852860144439, -0.8405856483112449, 0.8702073446751192, -0.7152819547715233, 0.4053496204548282, -0.5463042035055774, 0.5576187869694851, -0.6610517719839419, 0.5067049199886529, -0.41830947218114833, 0.35434250781141224, -0.16218974465609687, 0.235392774136794, -0.1965030099993469, 0.04832292946469593,B
0.0, 1.3018020975016944, -0.9486726867692131, 1.052773970149065, -0.667794940675991, 0.8369470551726202, -0.9262967758038251, 0.9690063688269397, -0.8979711614037889, 0.6044759967812814, -0.7075385666346596, 0.5550510490275583, -0.6172613335749263, 0.5010647205826023, -0.32842134231699865, 0.31930862201976723, -0.1456091589834427, 0.20780300152417197, -0.18956965860907204, 0.03523165101313032,S
0.0, 0.8559892004140508, -0.3831648582914853, 0.5721998292580202, -0.3207517635912832, 0.4335972156132938, -0.4604464583952044, 0.5558353090229763, -0.3346363650145947, 0.022287971502903545, -0.2507357238417293, 0.2731729526578797, -0.41469087813736183, 0.26326616715876533, -0.2945993313339839, 0.34432370912816523, -0.19393701494011967, 0.2063651701801236, -0.25777021937351796, 0.10697326790905808,B
0.0, 0.7198595834489095, -0.2759573528864794, 0.37110036614608405, -0.14038361843334665, 0.3425326870288047, -0.18936205152293484, 0.4733279002616655, -0.3340837672555165, -0.032439974816682766, -0.20913623692039568, 0.14825945340328342, -0.25605306425755614, 0.22304760646616612, -0.25846789386679586, 0.22462736181043583, -0.128782587170856, 0.1266827419527499, -0.18879729773642978, 0.08855612744573145,S
0.0, 2.0319834776615155, -1.740851571206644, 0.6293334132366133, 0.10196504851090209, 0.23207550086351758, -0.5567866246263568, 0.699574044561668, -0.699330126596369, 0.5261684033964207, -0.38062297624448693, 0.2549466225852006, -0.427379464016305, 0.46547529958425127, -0.4354955356121863, 0.42000972436944045, -0.35905610642633595, 0.25267932006151866, -0.08634672471364813, 0.013676930136763018,B
0.0, 1.9827399884160148, -1.4668782387906742, 0.30357904898008536, 0.40099826239707187, 0.0635766092479144, -0.7588601437682713, 0.9876837665297249, -0.7527258355602603, 0.13526531855156057, 0.13935236003752233, -0.04672886347297887, -0.32419266933559404, 0.40184196853641, -0.2252609449075812, 0.24496770296699852, -0.19218639467991408, 0.09078839738699468, 0.01073866472114481, -0.03328918033148686,S
0.0, 1.358410308664772, -0.9195126195522991, 0.8099800002633284, -0.4760775388334198, 0.7407446084028498, -0.833189250858875, 0.8706317746036432, -0.7180898581796651, 0.3997368072740188, -0.5450483306394737, 0.5584317308995455, -0.662861450322051, 0.5076137814076507, -0.41938816994129363, 0.3552448098641742, -0.1612844193213904, 0.23817904207018836, -0.19738453517901056, 0.047617764178545526,B
0.0, 1.301345301522889, -0.9470311409884539, 1.0502123412480553, -0.6657135028925587, 0.8386467710677024, -0.9330092587332223, 0.9711840375937337, -0.8940937943077905, 0.6057610434870988, -0.7005657591777423, 0.5488315334411846, -0.6154189247431906, 0.4926655676903769, -0.32700980749933983, 0.31765448774231286, -0.14097975682041194, 0.2010813500044937, -0.18061603428072814, 0.03228244280425862,S
0.0, 0.857980352681712, -0.38034825691475155, 0.5697955379159924, -0.32423706613358977, 0.43337274144956783, -0.4620089692669999, 0.5544980480307988, -0.32745887454668093, 0.01886819362763839, -0.2467536812703119, 0.2724470997891802, -0.4170044121518787, 0.26069655306589834, -0.297392881968839, 0.34728139764822963, -0.19568823277902514, 0.21155236760681254, -0.2586130068992298, 0.10673898632151324,B
0.0, 0.7240205147741525, -0.2753964373801042, 0.3664153442302979, -0.13730538865114966, 0.33391173212808795, -0.18795541793832463, 0.46993850889172495, -0.3357952618114845, -0.029639715079655734, -0.20145843701847405, 0.14725834245002145, -0.24979816124317897, 0.21688549130725468, -0.25404537455675336, 0.22086993727706813, -0.12820729922958507, 0.12103728603217057, -0.1826991275449593, 0.08680725601403382,S
0.0, 2.0091608804553847, -1.7048042406513269, 0.6382975744649052, 0.02338380124845595, 0.31914920265696295, -0.5544050326075104, 0.6088787325783462, -0.6171475479244904, 0.5424317347183036, -0.48210740301507177, 0.3339804192604265, -0.41660578416012267, 0.3946357916383615, -0.3883033060707598, 0.42938898456788105, -0.38538592734096505, 0.2600629759962336, -0.07924083319040846, 0.009534861716829908,B
0.0, 1.9859092080719443, -1.4763619376565056, 0.3149768754815998, 0.40969206423734295, 0.0434628823620132, -0.7649054897625865, 1.0303070897341506, -0.8022104379620939, 0.148552841874088, 0.15666638469271665, -0.046656065660739425, -0.3584533961402651, 0.44452691669077316, -0.24853577048264894, 0.25064260006305866, -0.1935468649242128, 0.09152829629160461, 0.010244079664627127, -0.03367347468528034,S