0.0, 1.3051401037081376, -0.8121103589157898, 0.8271676033656439, -0.5368595781504197, 0.3839370796403709, -0.48325224124957844, 0.37697094585810925, -0.34395380403788856, 0.36470289422102464, -0.35783070684581775, 0.4353869521274733, -0.3856323398144538, 0.2571531816407199, -0.3612822761023974, 0.26118930777348254, -0.13891577845773462, 0.18767153472294387, -0.1273194989625074, 0.05011117696095978,B
0.0, 1.3614551811505364, -0.9811145915208263, 0.9920852077049541, -0.7367493242571166, 0.5799555797508404, -0.6504328148446387, 0.6045893571925692, -0.5300909070499076, 0.49536556156759376, -0.48793508286701465, 0.5361369306722628, -0.4435439252003428, 0.3199311111270097, -0.41290883170263254, 0.35846300069325787, -0.22956694060725388, 0.16924623414811854, -0.08307924436269123, 0.03596637308788623,S
0.0, 0.9153627255497601, -0.5791012577661732, 0.8302320181846337, -0.8702404982047004, 0.6050843116356794, -1.1405201923559414, 0.8204015100968792, -0.5376709493864388, 0.4777453425084709, -0.4056015215112423, 0.49114308853879035, -0.5292081074226728, 0.1828523274291633, -0.3308028235067612, 0.2775172461277992, -0.1545582796116841, 0.25211763718261326, -0.21452532246236194, 0.041490508700953915,B
0.0, 0.880812992101085, -0.5510146270254809, 0.7899310488497264, -0.898301207302626, 0.6328834445361637, -0.9351316754164137, 0.7460080869577996, -0.4270747635105019, 0.33972770005407893, -0.3043281956447751, 0.4141594410962055, -0.35749397032876956, 0.11188202142757639, -0.3197634146735864, 0.1872576147201916, -0.07375258529345675, 0.23948434384181272, -0.16319336820050076, -0.005817812490405764,S
0.0, 2.150133597237505, -2.1736318471555247, 1.5747865148763205, -0.9386162339315417, 0.34255907064522223, 0.05351837201187543, 0.0011973003170982943, -0.5148640746311035, 1.0032366573789384, -1.0913153983174602, 0.9372570813508402, -0.6035349736536831, 0.3017505412728952, -0.2721329383134456, 0.2393603940427194, -0.2264099226958732, 0.254145552899877, -0.17359254615645717, 0.06815042991370042,B
0.0, 2.2113378336966782, -2.1030877774412318, 1.2053768991627787, -0.4717764616712574, 0.2752353540720282, -0.3259475955489252, 0.32368147474383385, -0.41733516290736217, 0.5181197990124832, -0.4734705593400382, 0.4459061980633054, -0.4607293841124339, 0.4277423122911733, -0.46853870219186555, 0.39105719940415246, -0.27108566672646406, 0.23822217185130815, -0.16534725415375764, 0.07368409232712923,S
0.0, 1.295189216947243, -0.8026727330485521, 0.8219162207054556, -0.5253743475685255, 0.368702916109889, -0.4656216895074034, 0.36258433534186896, -0.3325769929512524, 0.35212305625151985, -0.35569972229577174, 0.43965443228858936, -0.38159904703004033, 0.2520542647171803, -0.3623137290402805, 0.2651922422128537, -0.14242722543343472, 0.18558552315336144, -0.1236052709902654, 0.0499667831644938,B
0.0, 1.341005446277518, -0.9220878762569515, 0.9264184331684482, -0.6816947279666734, 0.5358096158086271, -0.6145045540434625, 0.551327911833643, -0.47215293793219665, 0.44919030067369276, -0.4466948412151426, 0.5023894709603159, -0.41737636352671065, 0.2935187341235404, -0.3899733283002252, 0.33995543571662107, -0.21477680013607212, 0.16359367491999957, -0.08208533331054363, 0.036633554594387635,S
0.0, 0.9084140662365012, -0.5577796554522793, 0.7980774848045997, -0.8381542614222336, 0.5683422176809536, -1.0928754929095528, 0.7628017888902793, -0.4796183290167658, 0.41206808488633, -0.3443838391358826, 0.44309645428129596, -0.47405850644417696, 0.12919008923441355, -0.2964647199207817, 0.24623969329985876, -0.13029098843437, 0.24108083479018852, -0.20230998207932946, 0.0330311921269598,B
0.0, 0.860793307985005, -0.519029886788205, 0.7601218238214473, -0.8690718219039639, 0.6016087549777741, -0.9000244429862865, 0.7021088445262532, -0.3785640404919421, 0.2918296643587373, -0.259411725491603, 0.3768441154391772, -0.3196883478911184, 0.07270477845027146, -0.29048841523209834, 0.1613516145810473, -0.05085120093127857, 0.22345169710655463, -0.15130784159395688, -0.012281008870275003,S
0.0, 2.1590862204647405, -2.1972115297193135, 1.6023500756384734, -0.9579038497941347, 0.34592086286842066, 0.06715471379478521, -0.021552308707617904, -0.4993065664262742, 1.0109226165385374, -1.125737609339504, 0.9861135615903325, -0.6456062017006403, 0.3258007167768512, -0.2788022509406561, 0.23361974841105906, -0.21557658667538732, 0.2452254769878112, -0.1686105512088381, 0.06632911577769872,B
0.0, 2.213427811555672, -2.1080017740095154, 1.2096089646132993, -0.46884073173083035, 0.2630044872323798, -0.3129749598955492, 0.31932776228962195, -0.41781199152093407, 0.5126591583463074, -0.463070101206945, 0.44092592976113437, -0.4614209114869701, 0.4234597830727523, -0.46079861215337314, 0.3872754353060014, -0.27035704861237275, 0.23784569680212686, -0.1640694933889507, 0.0727995319823055,S
0.0, 1.2941626298434787, -0.8171847603330811, 0.8433031851568578, -0.5348965483088484, 0.3690072223560338, -0.45922622126510015, 0.36351659661888125, -0.3414934013816593, 0.3548126041812639, -0.3596825666840601, 0.44468105320488904, -0.3796932858152915, 0.25306080325144037, -0.3670116220424906, 0.27034824522250644, -0.14866595606990066, 0.18665941764345223, -0.12557331911097058, 0.05350182205774878,B
0.0, 1.3376678863905531, -0.9099929874901889, 0.9123247297492376, -0.6669721127125546, 0.523725788246257, -0.6076351339763341, 0.5395489432094721, -0.459061803935213, 0.4393729495131207, -0.43649756493817404, 0.49117570062167015, -0.40490724717311954, 0.2836300217782639, -0.3812014396206947, 0.33202728929582803, -0.21145281365885252, 0.1609538944993111, -0.07592044914675099, 0.032142636719390896,S
0.0, 0.9145368932699179, -0.5648203691821595, 0.8126426132157215, -0.854417870941473, 0.5743556633179586, -1.112336222636288, 0.7744990722305767, -0.48204713278614464, 0.40999900482892415, -0.341496305299759, 0.44826246292079075, -0.4791873518608521, 0.12531488730607693, -0.29927603340563996, 0.24812257500534718, -0.12579898852104104, 0.24130155093104239, -0.2021214223108536, 0.029908245921854246,B
0.0, 0.8609628804239204, -0.5228709476903725, 0.7586767193467097, -0.8734821875663783, 0.6099968024899658, -0.9079388786078941, 0.7169356163803114, -0.40078672255856274, 0.3134004862330879, -0.2791988509635759, 0.3921257273351776, -0.3286103224395785, 0.0777387690868987, -0.29275038212036697, 0.15995971664578176, -0.04908479891403035, 0.21974923087338782, -0.1486304305166946, -0.014330364814520128,S
0.0, 2.1535249221031956, -2.1904811758085447, 1.598485464277749, -0.9519698924589313, 0.3359438881951368, 0.07307644380553516, -0.013488051659844496, -0.5118184886195273, 1.0117454371479082, -1.1136745942374484, 0.9692111356859392, -0.6287991099788682, 0.31250505141629575, -0.27752001657176806, 0.24612909028940075, -0.2283108101345651, 0.2482480514485377, -0.16630837127524034, 0.0648485887681105,B
0.0, 2.21606184568256, -2.110719414375088, 1.2060315958450065, -0.45781580760409235, 0.25175213356664594, -0.30820834292526605, 0.3168462361075173, -0.4120908152633825, 0.5072930095698299, -0.46093203275773226, 0.4398735107308327, -0.4596816905477836, 0.42231171467952977, -0.462599961260173, 0.38946735961337825, -0.26812750202998736, 0.23233219482267461, -0.15830941290219058, 0.06967535761290453,S
0.0, 1.2927664099921417, -0.8160762875678699, 0.8440066427819057, -0.5333268749336585, 0.367520944851633, -0.46095400767003397, 0.3641238802316513, -0.3439005956452017, 0.36055133993138044, -0.3640164354199848, 0.449746516772128, -0.3815404170321672, 0.2538419680377954, -0.36821249281730983, 0.26804793705549673, -0.1491615043129119, 0.1896098013362775, -0.1282882219700491, 0.055066563041611456,B
0.0, 1.3398130252538893, -0.9212875359210206, 0.9314343702994359, -0.6862695171053538, 0.5394110218988267, -0.6205364074427674, 0.556418644428484, -0.4800252136399535, 0.45995589203506837, -0.4507510537162678, 0.4978509529972718, -0.4127853468586852, 0.29458633880838925, -0.3841672029593672, 0.3274527565786991, -0.2061012397463037, 0.15632786130148463, -0.07625896716025524, 0.034614949639517965,S
0.0, 0.9199096813190426, -0.576156390739087, 0.8208085199820144, -0.8761157012526786, 0.6082204597395509, -1.1455378955616828, 0.820786607464479, -0.5391188574726814, 0.4560185993463763, -0.39200721886726175, 0.49908811094267946, -0.5195256128926876, 0.1627598441584431, -0.3279721393402287, 0.26832311422884847, -0.14094825026212784, 0.2507643871836177, -0.20971291704279757, 0.034213297711371715,B
0.0, 0.865746290745474, -0.5284982125656684, 0.7600519544072947, -0.8841381911838744, 0.6163990291414262, -0.9128020905520061, 0.7268496776037621, -0.40890871191561606, 0.3198484632127247, -0.29078352442527144, 0.4051241617066411, -0.3408356064448575, 0.09111089370329203, -0.30423771087966184, 0.17255288029868873, -0.06056461114622863, 0.22833065826889537, -0.15294312572455454, -0.012719949429242861,S
0.0, 2.139664223593614, -2.1501565608638993, 1.5509663808768144, -0.9224905845392234, 0.3292501836964427, 0.06853670900812607, -0.01619277976195883, -0.49414177035782547, 0.9806748964761353, -1.0753310114355803, 0.9340330588726624, -0.6023482367890378, 0.29605859256713624, -0.26289390529711254, 0.2236636955521336, -0.2010321899600986, 0.22249906638425845, -0.15026313016319306, 0.06066328760286576,B
0.0, 2.216321744735225, -2.1090046573087307, 1.199579592366891, -0.44754880006722536, 0.24133538044422953, -0.2971540469561416, 0.30193967181052467, -0.39585465921305124, 0.494776411740842, -0.4544549329243404, 0.4368432934631823, -0.4556992529957633, 0.4161212301110037, -0.4554606285082942, 0.3842930360598284, -0.26940420952723854, 0.23851480174795614, -0.16331692079577162, 0.07097271602575325,S
0.0, 1.2949866749104357, -0.8314249214949223, 0.8608521148239378, -0.5395024073397273, 0.3646370903698995, -0.45552009051180614, 0.36944567940837886, -0.35246168460489385, 0.36429131522126157, -0.37308864681453385, 0.4601995032409269, -0.38775238048019856, 0.2627973482332015, -0.38044299847678886, 0.2798801701802262, -0.1605362891594918, 0.19769628106463472, -0.1338862926309778, 0.05804120865138038,B
0.0, 1.3390001886302263, -0.9252973732211516, 0.9354316025355284, -0.6822937978263716, 0.5361885597914335, -0.6220666354783121, 0.5575309085801353, -0.4751386263579882, 0.45037847350982463, -0.4417855278545946, 0.49443553899661224, -0.4095448803477701, 0.2849451590872368, -0.37375582188930767, 0.31910787602949514, -0.20313258433426223, 0.15641299638311704, -0.07423521216538777, 0.03261997641177592,S
0.0, 0.9206507371753355, -0.575310826955632, 0.816926426949222, -0.8743589896974644, 0.6059386525884773, -1.143498505874727, 0.8214577630847004, -0.544026896804784, 0.45697610122573995, -0.3954824612875064, 0.5067543045494656, -0.5265601566818564, 0.1693736099029096, -0.33499476248059573, 0.27127696936865314, -0.14025809434548062, 0.25275727918216684, -0.21071756521775376, 0.03326981466096222,B
0.0, 0.865746290745474, -0.5284982125656684, 0.7600519544072947, -0.8841381911838744, 0.6163990291414262, -0.9128020905520061, 0.7268496776037621, -0.40890871191561606, 0.3198484632127247, -0.29078352442527144, 0.4051241617066411, -0.3408356064448575, 0.09111089370329203, -0.30423771087966184, 0.17255288029868873, -0.06056461114622863, 0.22833065826889537, -0.15294312572455454, -0.012719949429242861,S
0.0, 2.141448918138268, -2.1586734501251623, 1.5646889467262979, -0.9318262547314613, 0.3285185153013438, 0.07302589354786852, -0.01655477841570679, -0.499148281111084, 0.9872278506063618, -1.084525530673229, 0.9481575763589649, -0.6135970628340085, 0.2990254293586216, -0.2641455350978541, 0.22691491843947664, -0.2036463008654853, 0.22402662450056862, -0.15151934191525, 0.06144429129373151,B
0.0, 2.2128060740508113, -2.1002284023269606, 1.188544778277949, -0.4397738178321455, 0.23999544577481824, -0.29710289234636966, 0.29778639520342043, -0.39253707535724297, 0.502115023007559, -0.466806911426682, 0.4387388965692892, -0.44727560480011347, 0.4063338484891903, -0.445090654965822, 0.3704706710260148, -0.2528754851565241, 0.22271032523178239, -0.15348836477356978, 0.06848754610257965,S
0.0, 1.2982424493072109, -0.8433232654157298, 0.839874338454344, -0.5792484338544631, 0.38617455659369226, -0.44384532377752756, 0.3788472761966209, -0.31019735158151285, 0.3268107584278888, -0.364101503547744, 0.4463806433256005, -0.3708649141338219, 0.2182450040550233, -0.3156948824359853, 0.2725580052766184, -0.16394512205074394, 0.19002519829167486, -0.13515230012337762, 0.04103647311053358,B
0.0, 1.3660585387660802, -1.0156152339001092, 0.9600699690337614, -0.7063884271214614, 0.5225527343013565, -0.5529414118697586, 0.5968406056691772, -0.5684648351124467, 0.5061234476534475, -0.48187025780851817, 0.5221065201305748, -0.39499206243376045, 0.2984595773793477, -0.4047419443494572, 0.33850302899446405, -0.2178058299744506, 0.19094355711603114, -0.12583516982447232, 0.05249282836590251,S
0.0, 0.8702083025509902, -0.37849834062161997, 0.68941521042821, -0.9119703799476503, 0.5603862405452055, -1.0830497586211159, 0.9267908463184299, -0.5393192192224103, 0.4523419104699451, -0.5305147171211724, 0.628224350691965, -0.5388582250171079, 0.2199182054805107, -0.3833937263125419, 0.250697543478959, -0.10395701834836846, 0.2841775012134292, -0.2427223837386454, 0.02573820729650283,B
0.0, 0.8889434167212743, -0.5266163970926057, 0.6953201605315151, -0.9417397124633967, 0.5862987252320871, -0.9304214096741981, 0.8784457060705706, -0.46988822668534413, 0.38497475758644223, -0.449362644023881, 0.45110947592818884, -0.38784764255012166, 0.21000247986532802, -0.2770037772260985, 0.17944606823680026, -0.12390640371888303, 0.21531391170830824, -0.14195581784506056, 0.015398708217173025,S
0.0, 2.21139287479451, -2.263585014561685, 1.6613671949593645, -0.9953272016821911, 0.5323093219027669, -0.40051595175131055, 0.4974340814592806, -0.782537622015595, 0.9089145985250396, -0.6658985683130529, 0.47375293663539564, -0.3940177863532604, 0.3522851006590709, -0.5010800756199706, 0.48473717385813664, -0.3317240515152015, 0.23839551220952915, -0.16159055133204153, 0.07599101777684326,B
0.0, 2.135825424735608, -1.9066093204704564, 1.0854975891346574, -0.5696170847921253, 0.411879565799124, -0.35225658016241523, 0.3494688975423676, -0.587388436584901, 0.7362762256483378, -0.5920101648566292, 0.5022864632617637, -0.5127639907430276, 0.40164378211500884, -0.3746550994412633, 0.3121013564080401, -0.17793126185995267, 0.1164267309407977, -0.049929080374360814, 0.018659710267248185,S
0.0, 1.2880363843675735, -0.8246770718786491, 0.8228789496652985, -0.565921167588141, 0.3697710927775864, -0.42418620825208303, 0.36142811973949396, -0.2962765825577004, 0.32007569836139516, -0.3642740937238604, 0.4491576583008231, -0.370202689700786, 0.21417419570467638, -0.3153485619742018, 0.2758149803025553, -0.16829758429031824, 0.19336763828703965, -0.1379676832483267, 0.0428007207240413,B
0.0, 1.3529510090696348, -0.9713504790465399, 0.9083277218042569, -0.6623173645779021, 0.49072029325196836, -0.5275795840292532, 0.5586565131461042, -0.5230436912105654, 0.46966654878908315, -0.4556665021803241, 0.4952476242386511, -0.3697668784863048, 0.27318187032399605, -0.37921398613855845, 0.3185649973983289, -0.20461468542644848, 0.18631631867868914, -0.12253153125053373, 0.04955371386895053,S
0.0, 0.8599800171309444, -0.356733235471625, 0.6706034291173453, -0.8919250879332866, 0.5325688123585319, -1.0579905913077006, 0.8940394457362503, -0.5026248410900984, 0.4159170173105489, -0.49571783482280396, 0.59870176488243, -0.509486979525204, 0.18978432539409545, -0.3621905179937651, 0.23350927562113996, -0.0896466472407917, 0.2766102832303484, -0.23834792633081978, 0.021893384133722184,B
0.0, 0.8796595181279137, -0.5133292598180419, 0.6798962187411204, -0.9300058623061805, 0.5747408960348562, -0.9198231871955633, 0.863130832439396, -0.4586561995575201, 0.37270881613178736, -0.4447468065192087, 0.44828242184486355, -0.38286889512652555, 0.2034372403246624, -0.27111409410574583, 0.17282071557681905, -0.1204777977084095, 0.211768658989746, -0.1376033764643616, 0.012562536522533486,S
0.0, 2.2097781404844077, -2.2708468455915956, 1.6846036437773821, -1.0318039194614952, 0.5699502808351448, -0.4170319538805422, 0.4847511259847901, -0.7552060858936589, 0.8998008751799265, -0.6937617162405519, 0.5265069143921951, -0.4457715262796657, 0.38038655568835616, -0.5096228880278243, 0.4950827577016748, -0.3527746317092341, 0.2651484031559342, -0.18288047593660817, 0.08390985134849994,B
0.0, 2.1415817663335064, -1.9175646648788054, 1.0870789142322301, -0.5625277320256951, 0.40747315964284647, -0.3509609351864124, 0.3448977483090568, -0.5838568084917949, 0.7437591223152085, -0.60195582686935, 0.5009460540957408, -0.5045795693534205, 0.39601512038046577, -0.3693904300353527, 0.30449524482119333, -0.1739166397670562, 0.11554467628839726, -0.048336590689481616, 0.017703498915773847,S
0.0, 1.288363082778138, -0.8293437933660922, 0.8292140532777468, -0.5699658557227256, 0.37491204039246645, -0.43188576496892805, 0.36396050519303347, -0.295935300611761, 0.31600288762260303, -0.35634370006568944, 0.4389860339069444, -0.36073463874922357, 0.21330119042406645, -0.31489164642125456, 0.2735549568754205, -0.16726502169327578, 0.18435676027626308, -0.1297187981749746, 0.04124419416434427,B
0.0, 1.351581107065179, -0.9766425979517674, 0.9168232411595838, -0.6625867104455002, 0.48719749338976853, -0.5260161344271667, 0.5602559636171311, -0.5306664718707126, 0.47847832389837286, -0.4580282941477627, 0.4979479270216666, -0.3751102691982371, 0.2794163524260071, -0.3871784480744313, 0.32518541898182307, -0.20970482203381557, 0.18767011252621463, -0.11965909002282352, 0.04752687449870242,S
0.0, 0.8552276960238332, -0.3517282926062876, 0.6635451401648661, -0.8831822230626577, 0.5208701279724577, -1.0418475894862964, 0.876979982819803, -0.48800524643463256, 0.3995512167274024, -0.48573049541103874, 0.5888563604570446, -0.4950876340967531, 0.18573107928258978, -0.3599722863332854, 0.22750851537395692, -0.088451200485659, 0.2770355830854529, -0.2355787878240312, 0.019228960640720702,B
0.0, 0.8737962692965379, -0.5039943860075556, 0.6786067017365944, -0.9278390243987097, 0.5731999084604551, -0.9190531589391843, 0.8559184003466297, -0.4557923013134384, 0.37531545904019376, -0.44259229315826515, 0.44817049421743727, -0.37061628554997295, 0.19046803071009769, -0.26316373999880704, 0.162612036574501, -0.11292500606664163, 0.20678795211570186, -0.13099534895637718, 0.007467797775658296,S
0.0, 2.204133186995563, -2.2556720908733663, 1.670430367789524, -1.0388539288925327, 0.6052380363150397, -0.4625301063087239, 0.5113792758012143, -0.752702132459059, 0.8824336319589736, -0.6820225105086841, 0.5287028343946524, -0.4497481410031469, 0.37547888663907814, -0.49945959518470406, 0.48698705741886433, -0.3517545309820356, 0.2697414086298182, -0.18750602479090223, 0.08583173589159153,B
0.0, 2.099410240543828, -1.837760666884061, 1.0290245040679893, -0.5339392153686237, 0.4089093257964419, -0.3635350149915217, 0.3288720086151403, -0.547667798731033, 0.7128889615391111, -0.5783797408650234, 0.4764309461731795, -0.4816855815470162, 0.38153439733411376, -0.3543596066701132, 0.28561785962922526, -0.15858857709014298, 0.10764128336072756, -0.04614775143521231, 0.01860757891322074,S
0.0, 1.2855997574111044, -0.8229465376669599, 0.8247105190352081, -0.5668931516181304, 0.3713983767459827, -0.4281288536554722, 0.3593633803148141, -0.2903808823970359, 0.3121879206056878, -0.3527476552492611, 0.4357973006686385, -0.35588638139487855, 0.20631043896145584, -0.31121957383903215, 0.2717116280150236, -0.16598416836400895, 0.18617093982341776, -0.13147461878615355, 0.04015495272536405,B
0.0, 1.3525398027590483, -0.9767234753079521, 0.9197335297843824, -0.66699552589743, 0.48592604707850773, -0.5297811102275098, 0.5655191856643264, -0.5297860639340475, 0.474911518138783, -0.45478618725490394, 0.4962010505680073, -0.3774569125407407, 0.27821078442766367, -0.38585782865224305, 0.32019040822731804, -0.19862781214331116, 0.17520011209882239, -0.10786298083474849, 0.04132743036391909,S
0.0, 0.8556480841500119, -0.3527751901261115, 0.6606951683380992, -0.8803285484130553, 0.5221245001239264, -1.046922797312589, 0.8845460045971362, -0.488996684208345, 0.39467963846217835, -0.4895766911538441, 0.6010531292102418, -0.5062218245238534, 0.1987601962615058, -0.36733032348416667, 0.22920198979554643, -0.09302221322031182, 0.2872298302506698, -0.24252878598324062, 0.019803561777711694,B
0.0, 0.8676943983142305, -0.4964072888088026, 0.6724642324246201, -0.9202803818509117, 0.5616624618627962, -0.9052417381674155, 0.8439279715301791, -0.4389772448190092, 0.3589292585202916, -0.42920270693460033, 0.4355241060786765, -0.3516370967201179, 0.1785255705743673, -0.25434039477101456, 0.15409894867619378, -0.10762711018120022, 0.20569208941175957, -0.1310461534578222, 0.005929333703005341,S
0.0, 2.1942948013203587, -2.2407288466259834, 1.6692287124796392, -1.051957180802233, 0.6209409956567095, -0.4729906488401602, 0.5207815533385624, -0.7654607884174682, 0.8886898068277759, -0.6786839684554355, 0.5280074742675324, -0.45506149272842433, 0.3760080291484008, -0.49050204531762825, 0.47640845013041566, -0.34965294810685943, 0.27538262885015646, -0.1925153472488527, 0.08723828798208863,B
0.0, 2.093670088256623, -1.8330174839964488, 1.0335988088227994, -0.5377332453508873, 0.4070242477358307, -0.35783645773106454, 0.32073434418486985, -0.5357907465989185, 0.6966408158843924, -0.5656029515538487, 0.4725889335393382, -0.48103933161272955, 0.37481003921458617, -0.34043103035483424, 0.27683455537369883, -0.16230072297978784, 0.11413238920418163, -0.04776853190856488, 0.01737013009670328,S
0.0, 1.2852892973189345, -0.830187921747464, 0.8338382160675196, -0.571666275015268, 0.36879177903688487, -0.4213117965450455, 0.3598721715031148, -0.29455099858323375, 0.31487599201944894, -0.35404260138163546, 0.4360550932521845, -0.355501727859089, 0.206069293601268, -0.315894374866895, 0.2790865957475504, -0.16939577573262407, 0.18693196647459712, -0.13064110832840561, 0.03878954547235213,B
0.0, 1.3476487311192817, -0.9632724436010446, 0.9051405371576491, -0.6571559575937369, 0.4798520944500025, -0.5240482092656755, 0.5610297404439905, -0.5272971805482431, 0.47713376054355033, -0.455075787859143, 0.4928164307966174, -0.3760262428800642, 0.27705925729812697, -0.38475741335204494, 0.3197676259788839, -0.2006097259824998, 0.17918220629759926, -0.11361797607096497, 0.044545153124807384,S
0.0, 0.8461213825187408, -0.3363477722744799, 0.6460227434228756, -0.8635252379462671, 0.5006024172597248, -1.0281514741441162, 0.8615876784799359, -0.46617084071787895, 0.3784565000446953, -0.47783243319100505, 0.5949856281072083, -0.5002608435861687, 0.19589129538076439, -0.3699772371218887, 0.23069926732408674, -0.09189378991126718, 0.28822608252481186, -0.24347773434950587, 0.018257355890799472,B
0.0, 0.8678826130180616, -0.5039719197255271, 0.6719465954202193, -0.9284999383938999, 0.573218038695911, -0.9171805253995936, 0.8614629114844196, -0.4507177430684051, 0.3712656887287113, -0.44797656703766553, 0.4465276621298631, -0.36517149603148735, 0.19604528288843268, -0.2626800202652936, 0.15532378601910343, -0.11025762921373956, 0.20825876711746533, -0.12837559392713677, 0.00551945596485118,S
0.0, 2.202177355577307, -2.2554486360853363, 1.6849020614908627, -1.0638482270161165, 0.6185363928288499, -0.45707982657826945, 0.49894085459719617, -0.7444756131968101, 0.8780965150272403, -0.6799764380212991, 0.5332851208203033, -0.4623589577968842, 0.38484136653055573, -0.49786826895951347, 0.4837606235078958, -0.35508946585065954, 0.27857781786212304, -0.19384831165281788, 0.08647378939653386,B
0.0, 2.09037964436298, -1.8169620007315876, 1.0048686624307843, -0.5070456800370371, 0.37920973625069276, -0.3352160899159261, 0.30268251461290013, -0.5166307565572669, 0.6712222652073921, -0.5364037176614047, 0.4496443450111451, -0.46601004576877825, 0.36123295691862145, -0.32766206450588525, 0.26268334110258174, -0.14444225152222098, 0.0979887096234058, -0.04036926326997054, 0.016326889138243247,S
0.0, 1.3688145449148232, -0.8610831212387577, 0.816560651018567, -0.5923436801151292, 0.405400904412975, -0.523245740035526, 0.4639842557007646, -0.3831293269100706, 0.38851389732172487, -0.3769418221539465, 0.4290030113739749, -0.37154666101759765, 0.24120620228762157, -0.3375495966047622, 0.3323045988178167, -0.2148766596144169, 0.19279948185290363, -0.11899175308741253, 0.03513389646717355,B
0.0, 1.450555746100323, -1.0784318139137554, 1.0303965423903756, -0.7777526965014059, 0.5485694818742587, -0.5473187579024029, 0.5608555190456406, -0.5068103509376365, 0.4633012755847004, -0.45295204033834335, 0.48393888457676, -0.4101208408845028, 0.2772495623348222, -0.3722508523161372, 0.32972229302312406, -0.21621842932931454, 0.22882577748934305, -0.17011494763194077, 0.06668217336250952,S
0.0, 1.00818655658518, -0.5375955346613223, 0.7263205891752071, -0.8719442038155705, 0.5399286902433706, -0.9818591462855133, 0.8492559881440929, -0.4614061513685858, 0.3790703468903623, -0.42318384039378965, 0.49491856102687337, -0.4309821397029274, 0.14303704636082099, -0.24147814831969783, 0.19295665080368507, -0.12645453046361887, 0.2402000458373569, -0.2068046610129178, 0.03889384367963942,B
0.0, 0.8860935233093543, -0.5413451929072771, 0.6878464601772273, -0.932285939090098, 0.478219269511547, -0.8458096805168053, 0.696703691364364, -0.2610451199058148, 0.14722229303986, -0.3665892271294432, 0.297623207848101, -0.2467082829279882, 0.11970228752468598, -0.2724323493039679, 0.12746667210417692, -0.10049642001570275, 0.20173493200050252, -0.08911974291408382, -0.01816030578788738,S
0.0, 2.388896268460557, -2.809157872382548, 2.164633746165858, -1.0893649071591378, 0.24422660594805876, -0.024679892942080582, 0.18732023934929867, -0.5905420484825179, 0.8406238727235477, -0.6798542917288503, 0.5636580928275439, -0.5169964279488826, 0.42964111772292257, -0.4818721227451274, 0.3941732281658287, -0.2174700169223984, 0.10672867712490264, -0.025928665241601884, 0.0134617866900966,B
0.0, 2.267154147636464, -2.245479152729672, 1.4975396888196162, -0.8249529804218261, 0.3365045680379671, -0.15399037077594382, 0.2235912269936977, -0.537013139192363, 0.7396231815372254, -0.5540391713971902, 0.4114852092360639, -0.39997578853214516, 0.31242325519824743, -0.4190012052633713, 0.4562940288731173, -0.3172709337382586, 0.19904937818484653, -0.06100143160565196, 5.494227798584257E-5,S
0.0, 1.3611242512398996, -0.8514219496151973, 0.8091296346424082, -0.5803537438433624, 0.38634734838018686, -0.500625507791462, 0.44622951099497526, -0.37190339483390955, 0.38039307563127883, -0.3733744087536752, 0.4289685884052428, -0.36668793003156885, 0.23432223102582622, -0.3382634264478579, 0.33830728395433685, -0.2191175070379386, 0.19403004952238337, -0.11970383363629938, 0.035756423020357135,B
0.0, 1.4381632318271336, -1.0252344936461808, 0.9596727687905225, -0.7144022538785284, 0.5056136633867991, -0.523678134033416, 0.5206996371127236, -0.4555407478714822, 0.4152368935959191, -0.4058881450373734, 0.443812917233206, -0.3721511531059194, 0.24031319266201534, -0.34214808002959163, 0.3021001454081112, -0.19485909848938648, 0.2184166599512515, -0.16084782599963687, 0.0605880493764548,S
0.0, 1.003840347577843, -0.5266128593325361, 0.7179284053257737, -0.8645571762227608, 0.5267060902536859, -0.9727675346947645, 0.8377437701640618, -0.44498887740472004, 0.3610698543236266, -0.40736133150113046, 0.4807190011821467, -0.4185317584294943, 0.13103951563358293, -0.2333447998670211, 0.18449657853866344, -0.1191528360429326, 0.2363727160873834, -0.2028186030017542, 0.03462985000938281,B
0.0, 0.880048553853539, -0.5294599449779238, 0.6755375090157821, -0.9209563484416671, 0.46438096481222807, -0.8393233137736658, 0.6787783279228057, -0.24758016033187477, 0.12521998826582853, -0.34699031370761924, 0.2727495847666385, -0.22230449696390978, 0.0917393173015181, -0.2461692588719635, 0.10037156118720889, -0.08352429600774912, 0.1870486025281821, -0.0779727094910263, -0.024699964056949925,S
0.0, 2.35506651264414, -2.7171249052880833, 2.051591532412906, -1.007362512716151, 0.21859914675063888, -0.03677217715091373, 0.1914115290587336, -0.5701047648412916, 0.8003418026186663, -0.6248581287164989, 0.4994382695144084, -0.4403609652188879, 0.35463061885586883, -0.43187369570879647, 0.37563462249086765, -0.2238335639727488, 0.12258262613428669, -0.037155883432138735, 0.017102379190938495,B
0.0, 2.24347529128519, -2.184740713177911, 1.417488294291931, -0.7575548852813198, 0.3158401386044904, -0.15946438010164762, 0.2069827503961379, -0.49410496828671885, 0.7001140038286342, -0.5338717747442074, 0.38857201178661893, -0.3670584971111045, 0.2903586111854924, -0.40415436731520354, 0.4389038489199459, -0.29939280710111366, 0.18405442602751973, -0.054920722919605036, 6.875393879878682E-4,S
0.0, 1.3631579726943743, -0.8525553449696729, 0.8044006426295852, -0.5737906383791329, 0.3844252181031514, -0.5020248960716146, 0.44895135230437305, -0.3709456832521944, 0.3794718730062126, -0.37497011971470656, 0.4308547507089693, -0.3675575346380853, 0.233354362937189, -0.33965258317199815, 0.33535513133161216, -0.21864695627684436, 0.19736236291007517, -0.12165273056299164, 0.035266607481295384,B
0.0, 1.4357125208487898, -1.0213191362964498, 0.9584221358491497, -0.708327540408615, 0.4896901901029063, -0.5088108538692189, 0.5146535065191846, -0.4576395431556408, 0.4193857091767682, -0.4065886611775819, 0.4495331146180808, -0.3812282214469386, 0.24472318427234535, -0.34625565090106014, 0.3080213331988493, -0.20081740158959896, 0.22577399908139587, -0.16656172275294523, 0.0615115756172102,S
0.0, 0.9994937711005916, -0.5178262997171819, 0.7037363320826997, -0.8526009258882888, 0.5139396360007408, -0.9595006419240828, 0.8283902925805754, -0.4375906976647191, 0.3515876032760036, -0.4007698895148168, 0.4763150087642321, -0.40545083206625426, 0.12151035411481005, -0.2260482854300559, 0.17398451474977905, -0.11353951573205544, 0.2346379152796577, -0.20001867625666975, 0.03347407429532007,B
0.0, 0.8910225254358947, -0.5306814751644799, 0.6882450709734462, -0.9293283227631538, 0.475694471443919, -0.8448699085799765, 0.6968347382288987, -0.2541996285021001, 0.13708749495920347, -0.361497855210824, 0.2889504017038683, -0.23943365766351088, 0.10848331064327937, -0.2631476925978908, 0.11530676850048094, -0.09554838785866353, 0.19391140337081708, -0.0852225832531765, -0.026145252117037422,S
0.0, 2.3737215656164006, -2.7772404830425677, 2.1398154701093484, -1.0848829466215961, 0.22954215568796593, 0.04758907845691846, 0.05180560855962628, -0.44893552358250105, 0.7680775072279373, -0.7007780141514799, 0.6311497054206737, -0.5544728868356243, 0.39665258442414164, -0.4024876392776854, 0.3233821591054718, -0.18639938593747504, 0.10924409293275264, -0.03664536110976192, 0.01748197674731873,B
0.0, 2.2186745284140312, -2.1126366450565555, 1.3148225247066934, -0.6703735539282675, 0.28145545818397505, -0.1632052078815788, 0.2002641861705878, -0.4436166972750433, 0.6182982326087231, -0.45796199741064186, 0.3287070204895665, -0.3061329789870784, 0.2348668676939796, -0.3725783834782942, 0.42411577578858317, -0.28544329164202015, 0.17049638831157088, -0.04752496207029674, 2.323345212322774E-4,S
0.0, 1.3659554451094948, -0.8654874503733909, 0.8196475593389647, -0.5824959642203317, 0.3860926930841145, -0.5027516939047186, 0.45879167822361056, -0.3849208209760501, 0.38550450443853757, -0.3788077902279303, 0.43724607533615834, -0.371009984978236, 0.23691306304417456, -0.3448418834923124, 0.3424499392330273, -0.22683291112015525, 0.20054358996275642, -0.1221151058035112, 0.03603467635740452,B
0.0, 1.4250443430285804, -1.0016065442754873, 0.9412866724091691, -0.6937639418446343, 0.4854375452452494, -0.5130939664559073, 0.517453401028595, -0.45546756631059737, 0.4163089968381568, -0.4054548940670364, 0.4429389560328825, -0.3690182371648342, 0.2322052310353846, -0.3321698517353944, 0.2953057569742222, -0.19589286098241926, 0.2209047376429882, -0.16093110769338323, 0.060074808473599625,S
0.0, 1.007109721689389, -0.53455581725178, 0.727841194837682, -0.8912754043355732, 0.5601103918539315, -1.011384060301044, 0.8857579712408266, -0.4959182378543275, 0.4091470881731806, -0.4569588583721601, 0.5279656410389945, -0.4488642804018582, 0.1614376057372266, -0.25726900667535585, 0.19884834188151498, -0.13034034141318865, 0.24712429932661556, -0.20676092816299313, 0.03381561354331086,B
0.0, 0.9068531699431818, -0.5305292167252083, 0.6936495476206048, -0.929989054130474, 0.4870424183341951, -0.8466521516849183, 0.7090120032572026, -0.25954398877926677, 0.1508414807562002, -0.3689895077624107, 0.3010003258293535, -0.2474106967423731, 0.12364293265509232, -0.2715997705954692, 0.12629990618400638, -0.10193251967017414, 0.1971474026829732, -0.0878584530378678, -0.024242625845191133,S
0.0, 2.381665456849643, -2.7998117230493693, 2.1687316431626846, -1.1058216934641503, 0.2308340637508257, 0.057945531825658446, 0.04746896632229771, -0.4562468567751844, 0.7801132856586588, -0.7125849217517036, 0.6463953191784447, -0.568460480816982, 0.40101735161807256, -0.39943193540362043, 0.3172143093468075, -0.18082385045083402, 0.10550711864428762, -0.03282669816101421, 0.015072730759976291,B
0.0, 2.228266788586342, -2.136524008336491, 1.3477595194340115, -0.7058187420906897, 0.3109334891031048, -0.18737729034364256, 0.22950868319154338, -0.4851850968147365, 0.6680114132424508, -0.5043229910806494, 0.3699057232364579, -0.3417149261522075, 0.25922958539315644, -0.38660027317179096, 0.43753076489996484, -0.3005208204364831, 0.1811361034383094, -0.05100163927956549, 4.450284023152834E-4,S
0.0, 1.366178251686528, -0.8649172000047797, 0.8222519639084795, -0.5882921614699834, 0.39129027040366365, -0.5103093686390167, 0.45759456411784516, -0.37760728355666334, 0.38559386901835097, -0.383455498534791, 0.44773994894760666, -0.3827065613310842, 0.24302674162444915, -0.3488267169397796, 0.3396322296686819, -0.2195490618025544, 0.1990936738060398, -0.12394925486932791, 0.03640599509361257,B
0.0, 1.4305135897478887, -1.0123449829845461, 0.9519138730576742, -0.70357634019423, 0.4880695881417816, -0.5038771662302872, 0.5042395966389369, -0.44636707737203374, 0.41183680941051287, -0.3970212073627908, 0.4314100484598407, -0.35590355150802694, 0.22599726177045218, -0.33386282376994497, 0.30149083532090093, -0.19800105752096692, 0.22175291595928906, -0.1586592206099289, 0.05439576568263731,S
0.0, 1.0060838562521133, -0.5308539117006307, 0.7178688248021913, -0.8822008821789444, 0.550161844001803, -0.999757203749885, 0.871570439359554, -0.480817809308988, 0.39118552626018194, -0.44072853042160215, 0.5143909081493082, -0.4293913512917921, 0.14550960123391124, -0.24252416724316875, 0.18325823457868073, -0.11908802204995311, 0.23955296549223784, -0.1982553079256138, 0.029193370241367415,B
0.0, 0.9093000971166242, -0.5321468145999599, 0.6954772090108996, -0.9372163007435269, 0.49848635997393087, -0.8609903471388034, 0.7178625286727559, -0.26916907035613813, 0.1542687877248133, -0.36818423590059585, 0.29871896845778434, -0.23825319572088263, 0.11188027493681428, -0.2573089350506258, 0.11099087183335749, -0.09116682321180604, 0.1870882671810602, -0.08131996115579586, -0.025968080530288783,S
0.0, 2.355747669892588, -2.729504877008712, 2.08729696681902, -1.0652729522870097, 0.2600394048580289, -0.02762480582966061, 0.13350116914892168, -0.49308223490598674, 0.7386966274738689, -0.6017038893990093, 0.516285237858707, -0.4695525334089841, 0.363072718745541, -0.4162455849021396, 0.35121006753342415, -0.20124795578699223, 0.10583451664120568, -0.02415199731620082, 0.010790744772312044,B
0.0, 2.2309080886209616, -2.1529926055774493, 1.3847612036418684, -0.7543860515066099, 0.34131755097561656, -0.1774415183808466, 0.18954181309309948, -0.449813017982858, 0.6639345741813015, -0.5259976882415633, 0.38771601909351144, -0.3504099693637307, 0.26814978233160236, -0.39438927884622565, 0.44572390723025845, -0.3113612107437703, 0.1936410239810421, -0.06339451125546172, 0.0046516829458577305,S
0.0, 1.4339123348207041, -1.0286555328865934, 0.954393258943993, -0.7286549612574602, 0.5590933080561966, -0.6076030853210526, 0.5197628996765518, -0.47687983235512177, 0.4530222742615457, -0.4347256699754848, 0.4984624781305647, -0.4356607937404521, 0.367232476790913, -0.45835171877432823, 0.3863889331851456, -0.25688179247493864, 0.2230409363416453, -0.14173079488258475, 0.04319499377814592,B
0.0, 1.42170088552756, -1.0388798371588412, 0.9709676818657423, -0.7230272338819581, 0.5360330691528765, -0.5802007749207589, 0.5912061904520126, -0.48487462449454366, 0.4359897595648733, -0.46390033748123144, 0.501664967221328, -0.3965235160506005, 0.2796183961854201, -0.37734180955470126, 0.35218491344120173, -0.2235696394089339, 0.18543148572303675, -0.09263564592903599, 0.0216769988583268,S
0.0, 0.8393168650860069, -0.42421653143717086, 0.6512021035001615, -0.8428954768084007, 0.5077616781847658, -1.0831135237900549, 0.8884426558691146, -0.5661532754695119, 0.463212484799863, -0.465382923022661, 0.5246027759658899, -0.5471869371651626, 0.16031209561883242, -0.27849145163021904, 0.24701345531939878, -0.10218732053034137, 0.2087527003778325, -0.22524070467388, 0.040519188587831205,B
0.0, 0.8751965135798893, -0.5872630120890916, 0.7352846735263397, -0.9576024950163163, 0.6405119023348508, -1.0062134038263277, 0.8665248237657566, -0.4270286982422904, 0.3438492060322844, -0.4192147659197099, 0.39311583606041106, -0.3065181576045073, 0.13762330341208204, -0.22708308002859345, 0.10050855441353697, -0.07247058574450245, 0.16865893994915335, -0.0851623329568526, -0.004528076053870627,S
0.0, 2.603461653845974, -3.340025580853031, 2.7612026689092177, -1.4690753742543436, 0.452288418932033, -0.2542886632751867, 0.5111751752078619, -0.9436823061435493, 1.2198107086875247, -1.099780159377023, 0.9069185160379692, -0.672371398384599, 0.494219574011443, -0.5089408566812342, 0.4446381333152926, -0.29747993699026365, 0.15324806150839407, -0.03607798750153109, 0.006968774795635075,B
0.0, 2.2808504432137786, -2.229044894817608, 1.3032084166651763, -0.49609811466169207, -0.05014200604570125, 0.28526679052228354, -0.23315312260407955, -0.13224650269779528, 0.49527962701192274, -0.48943258818586755, 0.4742349825832878, -0.5237532374960604, 0.36778601560317414, -0.3507500989732354, 0.38202914486085937, -0.3342647466661661, 0.2830632950113011, -0.14487373280468124, 0.03220385981103678,S
0.0, 1.4178090203480374, -0.996931785993057, 0.9247440663025213, -0.6998715458502494, 0.5292484713591123, -0.5800506932068291, 0.4958683650019904, -0.4566232968006353, 0.43187263928592867, -0.4153179961011039, 0.4840535904412798, -0.4201211224694542, 0.34796052934414645, -0.4403904447877671, 0.372416016582973, -0.248008192796246, 0.2184278880544414, -0.13915610862757274, 0.04335226556725429,B
0.0, 1.409109285299532, -1.01629959200951, 0.9469313915957, -0.6967218521890732, 0.5196794825463661, -0.5615188300376707, 0.5793108472316478, -0.4721140376090103, 0.4155022110148633, -0.45174437807800516, 0.48944336071071304, -0.38421542514570084, 0.2716905824620051, -0.3700948835357622, 0.3390802676851965, -0.21303648526096, 0.18024746672187666, -0.0946136492165845, 0.028647892886968066,S
0.0, 0.8428560540385057, -0.43131527454788177, 0.6589516294283592, -0.8593660707206199, 0.5069868688364283, -1.0976514468338276, 0.8994786802075291, -0.5587624601624114, 0.4557965259870555, -0.4586291636242796, 0.5227926323869563, -0.5477449881433961, 0.14577481560009772, -0.2752075810119213, 0.24645505781825008, -0.09609616069898164, 0.20787282194830034, -0.22810948406880682, 0.04096010024399267,B
0.0, 0.8732320858822705, -0.5865862836121484, 0.7344683648640465, -0.9576720097279409, 0.6481366908383591, -1.0120572301935806, 0.8790016629499406, -0.4406506005818607, 0.3516831854579529, -0.43358612019861165, 0.41074919256519804, -0.31848102783262866, 0.14962585507037204, -0.22857970942217534, 0.10327895566323872, -0.07548255259386356, 0.16890372004880563, -0.07875029105930952, -0.0070149940318906725,S
0.0, 2.5983080494956887, -3.321717101712225, 2.7210475805450396, -1.4009603157113901, 0.36055967831728364, -0.15712326498500231, 0.42861922716402423, -0.8764661058459582, 1.1533908152431651, -1.0301990557466643, 0.8450497527005628, -0.6201697738172625, 0.4459178595435409, -0.46569244523096004, 0.4100974921262745, -0.27432583226251295, 0.1388067084143461, -0.02780071687954499, 0.004256664079748543,B
0.0, 2.243606530994952, -2.1569334070298893, 1.2539811621600065, -0.4741161952748145, -0.05616548101423633, 0.28704632225287974, -0.23568909338377703, -0.13194528846531964, 0.48342372030771597, -0.4632988935057183, 0.4517827792944847, -0.5129397233658998, 0.35968469907183076, -0.3349565521578061, 0.3671372212389478, -0.3280098383162986, 0.27600002405083596, -0.1358469119963366, 0.028759048420299742,S
0.0, 1.4143960477339996, -0.9979184973876132, 0.9357070531703023, -0.7035809951632871, 0.5268271056028927, -0.5797643430357554, 0.4979373804464384, -0.45543681586268997, 0.4256831073579121, -0.4102038550909664, 0.4825882705880386, -0.416910967250336, 0.34169263721759147, -0.43676560956309723, 0.3746027589919445, -0.2521554252744969, 0.22011385072656878, -0.14042123532712358, 0.044822347918249676,B
0.0, 1.3858031536537798, -0.9700154682239307, 0.9016156183669999, -0.6740159288067384, 0.5107597413402333, -0.5500375008184506, 0.5602051206723334, -0.45012155776357293, 0.3994033065721165, -0.4339636266292038, 0.4667674447540169, -0.36075307977779697, 0.2542687298404097, -0.35650470283048896, 0.3272810419094202, -0.2043860429288766, 0.17688886219659838, -0.09354621369273336, 0.026068833697286013,S
0.0, 0.8487376262726217, -0.444995864627011, 0.6713850578443299, -0.8822042724134479, 0.5336635907142507, -1.1248212538544995, 0.9318675394765552, -0.5912468803902725, 0.48403883967099365, -0.48946649276057164, 0.5485350199528852, -0.5669069732561133, 0.16623550628177755, -0.2883056013893704, 0.25246675579486266, -0.10316812613827621, 0.21025207805631635, -0.22680167469877519, 0.040496886931436576,B
0.0, 0.8771137409284334, -0.5947948707886762, 0.745029342157669, -0.9657229975352911, 0.6748699474960318, -1.0434764383153932, 0.9110596446445304, -0.47824869043315377, 0.38654719899134454, -0.4728215388949872, 0.44686224108627554, -0.3457469116164169, 0.17621905866201923, -0.24695619765913296, 0.10940312317341734, -0.08332400011706986, 0.17612213755469114, -0.0807954024582107, -0.008936402765916071,S
0.0, 2.6269708259261955, -3.388701865153737, 2.7885364677618596, -1.4089249158823196, 0.28256729562210564, -0.03585027230446053, 0.34864696302849346, -0.8738856070726694, 1.2094433674862453, -1.1104602044026939, 0.9165568463601873, -0.6717800003361525, 0.46156399922628183, -0.4487857607511927, 0.38395680156860845, -0.2547248223659149, 0.1333121764516717, -0.03013177969414002, 0.005314033664460184,B
0.0, 2.252554909413817, -2.1462048906787397, 1.2209157159948034, -0.4468506395119361, -0.06362934593852011, 0.2830833111702206, -0.23510407163357655, -0.12957700994454252, 0.48283955824443126, -0.4506908186629648, 0.42269563596627063, -0.47311821723137915, 0.3220365686959905, -0.3096980626725659, 0.3514330871271309, -0.3138965178758584, 0.2698635489321935, -0.13668026225583899, 0.027385902843001388,S
0.0, 1.4162521051674406, -1.0055114396962475, 0.9528783339609658, -0.7227863817509591, 0.5446669839509098, -0.5999153059393506, 0.517704831757683, -0.47199489694962, 0.4457480586600045, -0.4313066307474738, 0.5024192837989845, -0.4368383725398935, 0.3559439918946626, -0.45089213205818585, 0.3875212849311794, -0.26280872525478727, 0.22833316206428114, -0.14341403270963288, 0.045910816234066315,B
0.0, 1.3806801978270393, -0.9603930837462017, 0.8924170589735447, -0.6618222451172164, 0.5016496442244374, -0.5535714727406078, 0.558734352204496, -0.4446668384578955, 0.38355022525319593, -0.4165337789399093, 0.4589330783185037, -0.35066241279623545, 0.24185585660480394, -0.34906499424904047, 0.32880018129665695, -0.20964332050090217, 0.1794860510627644, -0.09320591601504305, 0.024851161776448392,S
0.0, 0.8478703904913519, -0.4461485269070541, 0.6662557855273702, -0.8851782162921946, 0.540748013985197, -1.1318639248609053, 0.9411791143064735, -0.6062275854084234, 0.49616979268704303, -0.5065947590331286, 0.5670796116196526, -0.5813241104150433, 0.1851388321759532, -0.3022206634125443, 0.25892902017224867, -0.11329807667873104, 0.21471404517095857, -0.22910558216381718, 0.04042745551637334,B
0.0, 0.8883003249234268, -0.5953692598609218, 0.7361321283680292, -0.9598763154263033, 0.6582681980525539, -1.0240982760495663, 0.8819897000406646, -0.44022246761745326, 0.34429837445978556, -0.4290825519661035, 0.4032376442216087, -0.30351037216835897, 0.1381648635220787, -0.21880942593141098, 0.0834865398513701, -0.06636260482504332, 0.1625526517964157, -0.07404995879147563, -0.013291697239820694,S
0.0, 2.637182290499811, -3.4107425460711664, 2.8036874442457127, -1.4041489296322425, 0.25909994241807793, -0.010157891491965134, 0.3335085887697209, -0.8647726691906925, 1.194479458526375, -1.0862886847786632, 0.8885345959044706, -0.6431957579956337, 0.43244045525989905, -0.4216275724710373, 0.35860859344614027, -0.23330796106557244, 0.11969456493150268, -0.02412856559801548, 0.004231326288066427,B
0.0, 2.2233424432980553, -2.0831946103084826, 1.1654749525510788, -0.42442619169622153, -0.040947593400214616, 0.23314077373986822, -0.2003722702754865, -0.11287862827608298, 0.4160543900404155, -0.3781722211027285, 0.38302561248093586, -0.4652057290036414, 0.32982745458781665, -0.31711308214700523, 0.34345073099928114, -0.2916051868103451, 0.24401559782732288, -0.11910285705941707, 0.02207648742469901,S
0.0, 1.4066141542537876, -0.9842797463204408, 0.9368266563290516, -0.7090396949674312, 0.528931423939606, -0.5907352074296451, 0.5087631949991577, -0.46021155613231035, 0.4373687880916535, -0.42603277211955143, 0.493730830362867, -0.42926720361775805, 0.3494383111347423, -0.4450908645236086, 0.3815611890240121, -0.2564653127593742, 0.22500698252953635, -0.14052872508439415, 0.04525568225609511,B
0.0, 1.3859890589911446, -0.9777019306925377, 0.9110406343698376, -0.6752004115470153, 0.5176329003676129, -0.5571784779130632, 0.5656286331844684, -0.4477834458613185, 0.3825131055973454, -0.4265308634674611, 0.4680370852306707, -0.36175107337037643, 0.2570021485155476, -0.35811144537740675, 0.3305365674564146, -0.21065932798896697, 0.17967682347100833, -0.09399710310668259, 0.02865236756154575,S
0.0, 0.8369646767518373, -0.4324681014780408, 0.6499217907470166, -0.8625711335410762, 0.5136927668831083, -1.100345043800354, 0.90152179069564, -0.5632047961745016, 0.4500089475317918, -0.4590450393924706, 0.5233366855119236, -0.538234460045105, 0.146873010954785, -0.2718877849194618, 0.2310445616718107, -0.09126163243980163, 0.2019102785253241, -0.22324717757967205, 0.03810576880071242,B
0.0, 0.8859533924183743, -0.6054872729637085, 0.737891699339929, -0.9748093489365047, 0.6687428261994435, -1.0348804957093514, 0.8912970584628658, -0.453801779671298, 0.35474673538407864, -0.43381711490597186, 0.4073390108342263, -0.3085154792408966, 0.1439538111814163, -0.22536557409494518, 0.08658633110441552, -0.0721826988525136, 0.16474919833349572, -0.07369513525617095, -0.012334582261642326,S
0.0, 2.5811461896407697, -3.244848268109662, 2.583971439737368, -1.254388820105394, 0.26456297445685334, -0.12091476527472297, 0.39835172931679724, -0.7982464658456888, 1.0230965029853287, -0.8968032141268845, 0.7510916431739874, -0.5487930451137443, 0.35924103472997, -0.3678676736390087, 0.31800173541728066, -0.21105399172539066, 0.11190017199626219, -0.02154706183635504, 0.005470964607553719,B
0.0, 2.2209586658007363, -2.0836729695417766, 1.184883118539657, -0.47077685139994385, 0.01372409307277212, 0.1948031044910322, -0.1932670011338779, -0.09292543669543321, 0.3924931067281841, -0.37540306984336447, 0.40498038706643, -0.49534383738608667, 0.35198608264698283, -0.3303644383648571, 0.35392641782715634, -0.2974610882566944, 0.24380046952967405, -0.11806052113667534, 0.022275802583429493,S
0.0, 1.3513993426281374, -0.8822962248438525, 0.8626009883994706, -0.624922707268706, 0.4928071461288835, -0.5681424345495071, 0.4431278715822728, -0.39169282743120765, 0.4089138145457344, -0.41072227788072163, 0.47056566631757507, -0.37707284636107236, 0.24649522607477878, -0.35251354925098727, 0.32495005345428063, -0.19882218824407374, 0.19610980957265478, -0.12291114547992157, 0.03318941618023254,B
0.0, 1.4236086370905041, -0.9483630191256842, 0.8768472346269395, -0.6341018940015284, 0.4352550035450047, -0.4792625827757433, 0.5098777331292723, -0.4764545463091926, 0.4174634367242919, -0.40561186301083424, 0.4334657033404766, -0.3775753707071957, 0.3095834957836106, -0.4252243547530628, 0.35446502492554816, -0.2182516109355939, 0.199554683957241, -0.12281737760396977, 0.052812249344877625,S
0.0, 0.8562009151821934, -0.40622080792982057, 0.6813365975343768, -0.8275734114510996, 0.4952774522483671, -1.0498428837929197, 0.81861955072332, -0.46194451227904315, 0.3955428219554554, -0.4899519943666865, 0.5232254646412848, -0.46911655829926224, 0.1893563566048014, -0.3252063169473506, 0.2094285909147454, -0.11307178200744648, 0.24061026710627714, -0.17714811858677798, -0.008753671605362577,B
0.0, 0.8581880236049907, -0.5131612266833802, 0.5730430124451741, -0.8706816487874856, 0.5505848837196355, -0.9263392316917244, 0.7413333609162697, -0.30461569724708903, 0.22291120548603943, -0.36754884942578464, 0.2874440939542847, -0.2380061550743881, 0.07805078906133435, -0.14534169006468495, 0.03394242115552284, -0.05596131735700468, 0.15711639523690152, -0.06185985611690072, -0.03467296439702732,S
0.0, 2.541187211491896, -3.0881711537227154, 2.3361527304296983, -0.9715091945832234, -0.015626956574082824, 0.27975951970432844, -0.23975445308070129, -0.04291079167616002, 0.5467515007615821, -0.8694791292265677, 1.043144401239025, -1.0018713080960178, 0.7142079151236712, -0.480881005072301, 0.3300577589165712, -0.2619353136139421, 0.19644002366998872, -0.11445641527539124, 0.043191517395941056,B
0.0, 2.0219475591505223, -1.789033256028648, 1.0919218731719436, -0.6538159212656031, 0.5123539195958877, -0.4840109441587687, 0.44328996985635466, -0.5237975619078713, 0.5412429317622096, -0.4522315840817569, 0.4757616452300897, -0.5214357220080778, 0.44109338992754404, -0.4409778006915722, 0.3929014064501362, -0.274699654749165, 0.17716327177422722, -0.08325255966661771, 0.04021934586556088,S
0.0, 1.3446394361798404, -0.8769773892363953, 0.8617219292459501, -0.614260339804986, 0.46763846266237147, -0.5377660312019664, 0.42142083270202974, -0.38084425515230536, 0.3994459179959866, -0.400831616213184, 0.46383906386635504, -0.37042755508519215, 0.23968680701034, -0.3526635925686993, 0.3335596149984149, -0.2071074566678006, 0.2010672841130673, -0.12382334507177233, 0.0317918888307378,B
0.0, 1.3932626199687734, -0.8784507210984104, 0.8133183978471827, -0.5878499321639292, 0.4046602519755172, -0.4536459490725464, 0.47005529062489676, -0.4353861805016237, 0.3875675889195883, -0.37648669975358956, 0.3998019682519909, -0.35567053436772145, 0.2948795785892254, -0.4022487936795563, 0.3273951563032373, -0.2008557067504503, 0.1912484262793303, -0.11657126438454375, 0.050614770091820346,S
0.0, 0.8507146376960886, -0.3968835813598989, 0.6808779669028718, -0.831629323569178, 0.48362814697802814, -1.0512988238997385, 0.8148343672762758, -0.4467026221850569, 0.37715035990581564, -0.4755580462143288, 0.5135047768797838, -0.4574397340842254, 0.1723230357437599, -0.3169406940486115, 0.20206184861050414, -0.10541904783299906, 0.2403176127955972, -0.1764074902628352, -0.013390173366311575,B
0.0, 0.8497269747929318, -0.5196579428997905, 0.5768159283081704, -0.8758235486396815, 0.5454273092908482, -0.9301199460878321, 0.7440823811506931, -0.3062400149867914, 0.21884636093000567, -0.36947271321361436, 0.29244461218815276, -0.24719326645131734, 0.07783491659560532, -0.1489026362247566, 0.02730176502115708, -0.06075735533792335, 0.15578110839426987, -0.06484999731879108, -0.03495841398159553,S
0.0, 2.5520266645393233, -3.1081897401560648, 2.339586363224839, -0.9440326621993858, -0.06443349514363127, 0.32460761197103977, -0.2676261048227789, -0.027521308048765094, 0.5343934353855115, -0.8548683691171757, 1.032212549771602, -0.9891510107805167, 0.6900160106028145, -0.4527876857026071, 0.30673093129294887, -0.24490780286294217, 0.1865234891727733, -0.11147494841421896, 0.04268349242440396,B
0.0, 1.99480214374886, -1.7248760408812727, 1.0159345473629058, -0.5861516221974727, 0.4813452309394651, -0.47439827133146273, 0.4100595664616922, -0.47902827851077506, 0.5147295206895238, -0.43422010857386106, 0.44623474462115986, -0.48770958568119843, 0.42391772771305153, -0.4293670833513538, 0.3726985969754953, -0.25504846843997137, 0.16726209426123387, -0.0841708866160733, 0.04463739046596751,S
0.0, 1.3406325907701087, -0.8717360868281052, 0.8578922969727362, -0.6147873097104796, 0.46775598045982, -0.5403841437955879, 0.43574428127111126, -0.3955808450848477, 0.4088220517088255, -0.41036633983298737, 0.4680755414283666, -0.3680155915084379, 0.23636391669905962, -0.3479435404287987, 0.3308080803399555, -0.20648410557731411, 0.19673420453128965, -0.1235203690640107, 0.0344882933735965,B
0.0, 1.3952302802611722, -0.8865144533147894, 0.8194329685673925, -0.5871952080587436, 0.40618117501373585, -0.45474723140170936, 0.4713209407711951, -0.43644168044907916, 0.3870300254043885, -0.37729040971067446, 0.4030045962178608, -0.3588919169643812, 0.2958667273762026, -0.4041742664259683, 0.3301321301027839, -0.20218750528404383, 0.19187369543850233, -0.11964170124073731, 0.053187110467391184,S
0.0, 0.8452718556125977, -0.3824712913307487, 0.659905894303676, -0.8071301074607877, 0.45226040281730256, -1.016362267580696, 0.7681278174661481, -0.3971618185571097, 0.3288844821895776, -0.4287892255742082, 0.4753161285263216, -0.41671682011979805, 0.13730406628002848, -0.29304465942757607, 0.17962835159374002, -0.09423213806424806, 0.2337926805748461, -0.1667348644731103, -0.01816538671940304,B
0.0, 0.852902302655245, -0.5304412685859933, 0.5958828867751295, -0.8869473521515516, 0.5601288844707266, -0.9380036660805705, 0.7684566103629922, -0.3259480748388983, 0.2394565825527643, -0.3765248304177937, 0.2956106444632457, -0.24520363294627232, 0.08804145572355651, -0.1526766401466447, 0.023822553982401535, -0.052653661707169924, 0.15485891855980047, -0.06686085899147926, -0.035319254887727976,S
0.0, 2.546401132477669, -3.103629889896972, 2.3496692755444646, -0.9656394861526011, -0.04574163324077344, 0.3170778236817615, -0.2719398914835799, -0.010374268024240116, 0.5071973258413833, -0.8287203690786793, 1.0232696400997823, -0.9934391291248256, 0.6899929180001536, -0.44551647868248406, 0.29840130379892577, -0.2395026865197748, 0.18239368463401168, -0.10669703173207577, 0.040348933792153006,B
0.0, 1.9978336249593964, -1.7304769677275058, 1.0190029879492386, -0.5815304969068855, 0.46840003824558285, -0.46131289997595654, 0.40617964503567705, -0.48848362614889873, 0.5328599616073273, -0.45028318709500825, 0.4516596473383847, -0.4882405996850107, 0.42567207448031325, -0.4272929730313236, 0.3648147966919813, -0.24695112682569018, 0.1643452286868107, -0.08506794002042478, 0.04539149969814299,S
0.0, 1.3348570216404707, -0.866142914480245, 0.8592062447076441, -0.613332418967161, 0.47660276050252653, -0.5540163520490258, 0.43295751863274134, -0.39046661376747616, 0.4103826250921264, -0.40762027011676505, 0.4689050194332826, -0.3736538420389412, 0.239999215812277, -0.35029818718344874, 0.33019448603721124, -0.20540367986000543, 0.19893890507242867, -0.12201896990147418, 0.03148936368310127,B
0.0, 1.3934783367396741, -0.8837076891938385, 0.8179672697218524, -0.5856306128942084, 0.40200933032862574, -0.44933710651746017, 0.4621926922148979, -0.42796554249928315, 0.38271231567659064, -0.3721606327928667, 0.39828399480180215, -0.3578201261914284, 0.29825493868214015, -0.40502047518034434, 0.32634976474376376, -0.19601846164905543, 0.18342061937402912, -0.11035460914166394, 0.049030419011761465,S
0.0, 0.8468241183510887, -0.3851264736894269, 0.6543922444234115, -0.8080552923199055, 0.4511377622103365, -1.0130128692510265, 0.7691637896690657, -0.3960157636591243, 0.321980492470164, -0.42893719230235006, 0.46998817621210254, -0.4101191131284447, 0.13727648037960427, -0.28646998842349786, 0.17059685567190172, -0.08996524039174666, 0.22807866498550164, -0.16152092868372622, -0.019584638950457624,B
0.0, 0.8473078484064326, -0.5143394745107279, 0.5769744048822275, -0.874704618559426, 0.543510281210874, -0.9205540118060307, 0.7497476150565391, -0.3088926014657776, 0.2156443620483151, -0.36258061261256636, 0.28475062586122984, -0.23212874766757097, 0.0789232541058934, -0.14166345413440065, 0.020946741829809472, -0.0494003177717518, 0.15615173759910814, -0.06147178894205233, -0.034703296768008464,S
0.0, 2.5176372627969132, -3.024996547676204, 2.2553166218383236, -0.904941051605576, -0.062159925436619176, 0.31231423926038876, -0.26735414424865933, -0.012091283397292266, 0.5014788143097837, -0.7958276565239529, 0.9532777152290318, -0.9046401443406434, 0.6248344697224506, -0.4303795826110264, 0.31665193592176133, -0.26020173288561044, 0.1886926578800758, -0.10243594923533138, 0.03748148104165133,B
0.0, 1.9971881139851095, -1.7196098395119428, 1.003712404389255, -0.5738064319837651, 0.46533666071821234, -0.4537908343404169, 0.39522486737374674, -0.4785388313171841, 0.5250647956110001, -0.4448058635189932, 0.44874520915660027, -0.4840096238586224, 0.416119999279686, -0.4191360673460418, 0.36585989570020283, -0.251597762408089, 0.16387205890294518, -0.08176807856425279, 0.04369367600587587,S
0.0, 1.321429335644165, -0.8384685292534915, 0.8256757314296752, -0.579896465780742, 0.45098571368800194, -0.5310959035814883, 0.41000491636604514, -0.3599333305582198, 0.3708768853733165, -0.3705240905851803, 0.4415024582522424, -0.3582643996498292, 0.23610475252145272, -0.3442252916718851, 0.316174448348447, -0.1913574252382997, 0.18801036338476415, -0.11614329673181475, 0.0309880940860954,B
0.0, 1.3799941860783789, -0.8552323599222798, 0.7929622929985697, -0.5673210819407659, 0.38787142400141245, -0.44349883669150475, 0.4573289014468775, -0.41898184139976646, 0.3738150675141746, -0.3579681050088269, 0.3786156108087072, -0.33521507943145185, 0.2725892998623042, -0.37772570545368045, 0.2959473073267362, -0.1741603318457582, 0.1747834716415391, -0.10342527876971659, 0.0445770657601009,S
0.0, 0.8357228196676993, -0.36041158495203535, 0.6221069894303618, -0.7699550725654529, 0.4009772901631017, -0.9555155136592117, 0.695650320425268, -0.31305650237963734, 0.242835018544957, -0.35449945900994995, 0.40102668611771686, -0.34514032628607183, 0.08204053273401261, -0.24493073039198, 0.1368382054776168, -0.07153584838205633, 0.21574015947770278, -0.14910855644885718, -0.024409332875480638,B
0.0, 0.8422111252627666, -0.5271385315482364, 0.5884393076737575, -0.8906905334287223, 0.5508418868554645, -0.9428065842422707, 0.7664337817865899, -0.3262237630041722, 0.2240965959746801, -0.3833664249566535, 0.3043350832109086, -0.25211815057273834, 0.08827046794581231, -0.15566537400274055, 0.02482344528427848, -0.05854019535276572, 0.16047062880392654, -0.06785461897027018, -0.03272680039030145,S
0.0, 2.533173070085788, -3.0368910280370125, 2.2669744644453753, -0.9286933496001301, -0.005075230117802722, 0.22195477345411446, -0.18543813188758856, -0.06485573765209773, 0.5178270253372811, -0.7877323836210149, 0.9299819461652477, -0.8741967145912941, 0.5977179723912739, -0.41760303343842675, 0.31897843114249863, -0.26646253218117905, 0.1948444111362102, -0.10809430556678319, 0.0410672906968658,B
0.0, 2.000212334289137, -1.7305272742915079, 1.0155658654958006, -0.5749232010559671, 0.4576971452427867, -0.45102812250261887, 0.40330100004527564, -0.4883198084292589, 0.5276442405476125, -0.44159342186627853, 0.4471929237615079, -0.49075981796754914, 0.4332867272240868, -0.4400394582489312, 0.3811954117163078, -0.2562950480583988, 0.15740964945226935, -0.07039679106072733, 0.03734387366095012,S