0.0, 1.2626626373881726, -0.6216548118924891, 0.5485138085294161, -0.426371861541232, 0.5229779453758152, -0.6849111657224405, 0.39823939939908787, -0.28408037324602375, 0.3534588011953613, -0.34434783975254574, 0.2985901803620662, -0.302161537410935, 0.2610026382329107, -0.24717645483264758, 0.1432466159438775, -0.08009823976720863, 0.11169567513198354, -0.04581805689601541, 0.02446800998360865,B
0.0, 1.3691304836241096, -0.9242335636940743, 0.8689829936713964, -0.6777654036850799, 0.665891716520638, -0.7308841469805876, 0.6365333295534696, -0.5240880691128798, 0.4727896938303417, -0.4702524456200095, 0.4029041615295793, -0.39470991936994065, 0.3145219916802632, -0.34531170923885585, 0.240983894759225, -0.10244395630691457, 0.1445632937840993, -0.030177595747210722, -0.009437954982225593,S
0.0, 0.825588682173148, -0.40979822981889713, 0.5659802075588287, -0.5234338440683634, 0.4746516195320921, -0.6581906750283935, 0.5664036468872331, -0.4113011483164752, 0.31438985085484755, -0.3497026638247543, 0.3410053878936129, -0.3216098370033812, 0.20408005647518024, -0.2497278757266255, 0.20233684540101107, -0.15063614979063475, 0.1428542923483952, -0.10377450025286902, 0.04098492801272629,B
0.0, 0.8239622206487258, -0.6097201833116976, 0.830408128839, -0.8992741734933734, 0.7981198535915495, -0.9442116732157254, 1.0321120462006053, -0.8124757040633985, 0.6733708655982544, -0.7863386896608499, 0.64357249127441, -0.620474449348004, 0.4232332614962914, -0.47923384190626983, 0.3276687399675817, -0.2113873941628436, 0.19396399016047033, -0.109235634631733, 0.06815950013908607,S
0.0, 1.8675861196338872, -1.5861408568477937, 0.899176670448759, -0.5260347764514435, 0.7797288132933895, -0.9482060573670176, 0.7486634270029873, -0.5888198025196677, 0.6421096375187891, -0.7208642047490241, 0.5701644881111528, -0.3882009689678023, 0.3720694867090426, -0.5076615572115817, 0.4117954770935947, -0.23386702948655178, 0.1382588318019906, -0.06160096394713266, 0.03979410181769754,B
0.0, 1.878164365172259, -1.444782111058392, 0.7965994771367956, -0.5933089886242019, 0.5788725259035837, -0.4894794786945729, 0.3585915449180629, -0.3413972959707498, 0.41581337020670195, -0.39731204153816235, 0.26550343876188753, -0.318202814617046, 0.4360227304792894, -0.4493618654306755, 0.37019205963904933, -0.2339027343445689, 0.14223521779230547, -0.09250170396155696, 0.04626168457500814,S
0.0, 1.2297705170910285, -0.5645249265031915, 0.5042470701490053, -0.3910947819549527, 0.486839939211837, -0.6379869688179858, 0.34606702200244954, -0.2441112200360521, 0.32578036106940406, -0.32443767637576976, 0.283201397611287, -0.28836292280098824, 0.24966691895392173, -0.23933173017804807, 0.13927243310093043, -0.08407588309185186, 0.1160187148772994, -0.045590405630820396, 0.02508813460948089,B
0.0, 1.3338082815062986, -0.8437528901351768, 0.786816844513689, -0.6102478756039907, 0.6093120367259764, -0.6726766176068412, 0.5715294621155967, -0.46076020856354377, 0.42168789356878794, -0.4364440843296348, 0.3747639088171712, -0.3687953080977201, 0.293834590831553, -0.32447282888385515, 0.2296395317537682, -0.10470629935816203, 0.14517758824105878, -0.024169176428925108, -0.013860505124678313,S
0.0, 0.811661251311047, -0.38594181559013063, 0.5466551219600089, -0.5069917980776616, 0.4584226743886839, -0.6452487020930195, 0.5509801046474347, -0.39105100664615117, 0.29442433654137556, -0.3315790493836087, 0.3231129640448491, -0.30372178357608065, 0.18588526107858214, -0.23621992830255717, 0.19177263144889822, -0.14065019923798538, 0.13429276930843043, -0.09376674250669315, 0.034336063057952455,B
0.0, 0.8113063188938685, -0.5964610780582893, 0.8141832806612818, -0.8776924754880258, 0.7818670659821028, -0.9249912151274218, 1.003954123419033, -0.7823340816895447, 0.6418164805185879, -0.7569936175788494, 0.6081732322227691, -0.5877949191127012, 0.38756711309463376, -0.4495069710971664, 0.29769037404144727, -0.1894848027083173, 0.1758747649958659, -0.0948820923090275, 0.05797857724946444,S
0.0, 1.861341361964298, -1.5692339264478936, 0.876787645660032, -0.5114923580130553, 0.774199123314974, -0.9423378881902646, 0.7415745301444594, -0.581529357797441, 0.6348901776211889, -0.7113522559802005, 0.5560459805424708, -0.3728446583094354, 0.35691951790765236, -0.49377462139388245, 0.3981202660746931, -0.22257368163495175, 0.13281508450388826, -0.0588186729934249, 0.03849608571135913,B
0.0, 1.862893004775695, -1.4204878741068416, 0.7747377898281971, -0.5654199910388745, 0.5469883746623152, -0.4499168925419865, 0.30913824969621206, -0.2851411037055271, 0.3651845172859132, -0.36964510554485575, 0.2551587286536791, -0.3106374586474747, 0.4257176034790037, -0.4334885831507596, 0.34856051887342987, -0.2125216790188388, 0.12291557080190975, -0.07501665221788431, 0.038211754063883364,S
0.0, 1.2257956504211127, -0.5627446758655085, 0.5115138367182571, -0.4006352506315304, 0.49063640623851135, -0.6356708232654624, 0.34362072229406504, -0.24870750016545956, 0.33645384475873924, -0.32658599537145994, 0.27220124186514133, -0.27707306290096484, 0.24348179862839434, -0.24081135213041177, 0.14571304549898662, -0.0850574937263635, 0.11204682758063542, -0.04226727633149545, 0.023492249591665133,B
0.0, 1.3355165398332653, -0.852200980511763, 0.8006838741473434, -0.620215702576367, 0.6187825975850944, -0.6865212165865754, 0.5824944370953974, -0.4670879193693261, 0.4263991738839969, -0.43606822669581324, 0.37615392713120405, -0.37406975120428776, 0.29707463460993644, -0.32935587504066943, 0.22887672181826618, -0.09658076036134808, 0.14209859924057766, -0.02755115814027759, -0.011807412291236689,S
0.0, 0.8134906711177735, -0.39003620200579375, 0.5535367225606176, -0.5155043578884128, 0.46458999495922376, -0.6505151238884727, 0.5581329256232389, -0.39737794204673077, 0.29980419456322305, -0.33693976761626765, 0.32845284293100524, -0.31068952534373656, 0.19197282778189878, -0.24428271125454307, 0.19963010608900533, -0.14469170538337042, 0.13714239687494018, -0.0950367540510985, 0.03375555203138501,B
0.0, 0.8081413580676083, -0.6022555170336953, 0.8226560184266325, -0.8875715807044046, 0.7996324108680901, -0.9427968767493649, 1.0238474643135154, -0.8100046333439445, 0.6673962782170797, -0.776200940148534, 0.6266886985474335, -0.5990679329055235, 0.39926257803475496, -0.4620954956973757, 0.31309504786532494, -0.20154692383539358, 0.18302291744748328, -0.09647466685999528, 0.06076211892630423,S
0.0, 1.857893418602142, -1.5638418205098688, 0.8692858796912372, -0.49946576579303387, 0.7620207417209776, -0.9374208688230203, 0.7470037970648173, -0.5909465862933374, 0.6408533587394647, -0.7170883738821382, 0.5617783156656453, -0.3740368707599067, 0.3547283600219916, -0.49379388109832606, 0.4025392120997652, -0.22817795108234062, 0.1360632972256231, -0.059912239274641704, 0.03904830108660096,B
0.0, 1.8320870125137805, -1.3377748964491971, 0.6819737414251833, -0.510973139668148, 0.5368108343222798, -0.4643633553038034, 0.3213355890635807, -0.2929416908106701, 0.3685678461545144, -0.35328886386060626, 0.22250480336163214, -0.2737949531947545, 0.39184829837995366, -0.4019534383866997, 0.3167750368559132, -0.1956182706491194, 0.136015893969633, -0.10459549495021646, 0.05377071431716029,S
0.0, 1.2123728173315833, -0.5293158193976716, 0.47236020455566363, -0.3705670314814814, 0.47240069311283645, -0.6255597240589401, 0.32945166259818004, -0.23257097948314293, 0.3207073544867406, -0.3164882587080426, 0.2710460036098721, -0.2734971658986713, 0.236719502623513, -0.227816990677458, 0.13625349066398648, -0.0873637937401941, 0.12284900830396239, -0.0553515409878377, 0.028848475306277096,B
0.0, 1.3234572791978205, -0.8226128781547967, 0.7690856962027759, -0.5981201720184546, 0.5978037680970328, -0.6539792750812253, 0.5495274597690304, -0.44017504513795624, 0.40627670474404637, -0.4228082762542108, 0.36030248802264114, -0.36514942768959685, 0.2935671578645606, -0.32487756173583326, 0.22656329245104426, -0.10640152824508288, 0.15063596899939832, -0.02952978535081944, -0.008329420313920708,S
0.0, 0.8173311375469913, -0.39400049301884715, 0.5523519674836674, -0.5218686686474975, 0.47397875281443635, -0.6548818879039202, 0.566960291284198, -0.4080377146597882, 0.30681240298960494, -0.34909125927831197, 0.33639230524519065, -0.3123644189523762, 0.19280018424726533, -0.23787771073154393, 0.19372478023159448, -0.14147314280546494, 0.13325860989616753, -0.09311143485868996, 0.033057684219437236,B
0.0, 0.8093065796360513, -0.5960720926504192, 0.8101701816005792, -0.8727731250322079, 0.7803342751768373, -0.9204210262122607, 0.9972761318815567, -0.779124167879777, 0.6339497710446729, -0.7442573445743418, 0.5954684275897579, -0.5755445944583517, 0.3723618354192129, -0.44145411171720045, 0.2937627823821388, -0.18689445425580767, 0.17074904476461353, -0.0915324319675909, 0.05892345080814914,S
0.0, 1.8642105425720932, -1.5815461552645542, 0.8914369232637676, -0.5201149790017854, 0.777882002213409, -0.9493566541559538, 0.7602892726724515, -0.5997657050785984, 0.6451238499234131, -0.726626940422029, 0.5730140891148172, -0.38088585859976937, 0.3569402126120768, -0.49767361029139057, 0.4114522114371517, -0.23638100861878183, 0.13843599169412563, -0.05914594122266888, 0.03869596373177138,B
0.0, 1.8200918123244818, -1.3122767874642403, 0.6500648366673383, -0.468176145750097, 0.490877417051133, -0.42491228210963417, 0.294107355561971, -0.2625445508091299, 0.33083340151631213, -0.3228173797531205, 0.19871443230780628, -0.24430292178628363, 0.35655151240254096, -0.3716580196330894, 0.2916169191781451, -0.1719858590782007, 0.10580524683733551, -0.0730843761443185, 0.03852797218189777,S
0.0, 1.2034603939031108, -0.5134880691361126, 0.46018875610983284, -0.37087609605433364, 0.4790913145131889, -0.6300455663680796, 0.33568965951373636, -0.24139036824309243, 0.32663310694181236, -0.31729129741117557, 0.25804459694340703, -0.2545639015187811, 0.2268280884952683, -0.21761478986773264, 0.12219920857815474, -0.07556665332491251, 0.11654705998005606, -0.056166308437781934, 0.03000980551029929,B
0.0, 1.3299576280135659, -0.8405892640304776, 0.7872745669033646, -0.6085772002143996, 0.6135741913157405, -0.6829881548360723, 0.5764931620445588, -0.4611280984224158, 0.42333947618231305, -0.43339953252145447, 0.37404724971797754, -0.3823165874729595, 0.3065194342105503, -0.33824881291131315, 0.23574855835374608, -0.10524373330031556, 0.14742416964445565, -0.02956140001189605, -0.007499010177542678,S
0.0, 0.8177247640483433, -0.3927962297584713, 0.5499128924251736, -0.5246453266404499, 0.476339832327906, -0.6566139451117949, 0.569516132334528, -0.41120768474725033, 0.31304320635700067, -0.36309096065299995, 0.34608820904865123, -0.32166218533918783, 0.2051049895671149, -0.24650184321399204, 0.2041019049920898, -0.15305892766424914, 0.13793987992741236, -0.09357632396084026, 0.03360054046247548,B
0.0, 0.8068665292575253, -0.5971712306769742, 0.8093711542742487, -0.875493406235556, 0.7947113951877055, -0.930282796607822, 1.0184287195076343, -0.8103192900692017, 0.6626938391262028, -0.7783446475350381, 0.6292653062182293, -0.601000863343281, 0.4015297161245799, -0.45892259423327464, 0.3030185571408087, -0.19678498931806498, 0.17803537338530895, -0.09473365043042134, 0.060600552470852,S
0.0, 1.8603189736135315, -1.5784042539087593, 0.9012712405923243, -0.5426283517879101, 0.801668963080002, -0.9687873400463366, 0.7829974236457539, -0.6304859382678091, 0.6757678038605753, -0.7473848205621315, 0.5919363927649366, -0.4101767294030796, 0.38341252109347546, -0.5082775944201497, 0.40951265218337496, -0.2320658779760018, 0.14007413199945357, -0.06390979309165594, 0.04011688452196887,B
0.0, 1.828467747701268, -1.3344804168721924, 0.6975639311581239, -0.54230217177272, 0.5579397668245204, -0.46470445206692446, 0.3131565410688846, -0.2829023943375406, 0.36404247243739846, -0.36229922120075847, 0.24580579635733774, -0.29574111186201, 0.400812265660844, -0.4071532634868095, 0.32880706180782293, -0.21074737350065134, 0.14135089842941492, -0.09955157966029562, 0.050093657038224645,S
0.0, 1.2884736588767958, -0.635526045504708, 0.5415453216994447, -0.513080686782288, 0.5349480089105261, -0.6652733239626192, 0.48658107904542636, -0.3462582858946571, 0.34651529313333496, -0.32276102510016974, 0.3447209952832677, -0.3741370625455198, 0.27438656543336315, -0.2915551921968596, 0.18599854576998945, -0.09156477450766926, 0.15047062970722222, -0.06805416077751093, 0.0256354216596921,B
0.0, 1.383852034070222, -1.0088199196095158, 1.0492867870346132, -0.8727277398665001, 0.816103034885993, -0.9379784694228369, 0.8117423132346662, -0.7340496584521523, 0.742793115761757, -0.7505269331298189, 0.6947141101108165, -0.6934265797892417, 0.5026858822596607, -0.49470212909355094, 0.44135349698830506, -0.25298114257560655, 0.23110827829017172, -0.11004990291704767, 0.026638570754861954,S
0.0, 0.8704791229193728, -0.3631849838267654, 0.404524634381727, -0.4532239279752571, 0.3892764356405932, -0.5364412397032033, 0.40054553219418226, -0.2216737714340442, 0.14750491453408227, -0.2472363436565223, 0.17902760525003578, -0.23379958630270936, 0.11584715026374019, -0.1452069334736796, 0.13302385612896983, -0.12051481908320465, 0.08718100616322456, -0.07243324926531805, 0.050188223140524874,B
0.0, 0.7177380652344908, -0.3621799031480134, 0.49033695746062284, -0.5670311778523026, 0.38959446689622285, -0.5244344756530565, 0.6323735645870967, -0.36150461743790424, 0.13496924285536083, -0.40456193540218316, 0.3694197606932944, -0.36273808345505076, 0.22077793527210426, -0.3609783340987045, 0.21310194910257813, -0.1634484278811479, 0.223097483204105, -0.15729579162340365, 0.05870504834091066,S
0.0, 1.8354729651964379, -1.3748002186016328, 0.6178404086441694, -0.31561346609718594, 0.5195066387283623, -0.5840579060563461, 0.3348165554753195, -0.3197216419677495, 0.5026163358804537, -0.5626020741232223, 0.4165392558417214, -0.33321493551186326, 0.3709925879151393, -0.4162659035358705, 0.3136361479930439, -0.19522018554866225, 0.15543055059049615, -0.10475126665883337, 0.04631887151383834,B
0.0, 2.0276452550337796, -1.588418101275162, 0.6051841870353164, -0.08725369902181215, 0.13845254470433457, -0.3537800526276591, 0.4412228390534729, -0.4972160623998411, 0.5023782709438989, -0.28684500885661135, 0.09919373066678935, -0.2581560432774773, 0.4016513270769658, -0.3840695003911062, 0.30659501241185266, -0.20314568009713616, 0.121311731002735, -0.04821069700921524, 0.013550208205737973,S
0.0, 1.2555558663329442, -0.5736312600150002, 0.49025729880478564, -0.4731723800351549, 0.49138043499744194, -0.6125718974651989, 0.4317609794409579, -0.30359835344803776, 0.3159681519121998, -0.2949241804369702, 0.3163728026430137, -0.3478484466965978, 0.2554158093886976, -0.28173205821364317, 0.1808817395836337, -0.09065923677297903, 0.1520315427159691, -0.06918791308786039, 0.02691636346593847,B
0.0, 1.3411661761308618, -0.9258131940308526, 0.9481152901818625, -0.7617379980580207, 0.6912712089950717, -0.7976158990229797, 0.6453955790539391, -0.5481552643805504, 0.5572546288417589, -0.574579764314109, 0.5385396543831258, -0.5547659374729056, 0.37166637676600883, -0.3927634283189924, 0.3564804969648495, -0.18419451960402272, 0.19092992140711018, -0.08382399025972774, 0.009730001015899733,S
0.0, 0.8531373148088137, -0.3329278800348381, 0.37373585721237185, -0.4251588070045594, 0.36043947682872085, -0.5094885418464641, 0.3725776952806209, -0.19078628291340125, 0.11824709331598288, -0.2229676362569995, 0.15612896026036047, -0.2130473799677168, 0.09546546238990411, -0.12802152067478836, 0.1189804721731554, -0.10623217589513193, 0.07387713893256828, -0.06195237689538832, 0.04362053257406325,B
0.0, 0.7124750310953151, -0.3572438053171075, 0.47874105579732995, -0.5502708738982974, 0.3822580490989722, -0.5109573416586246, 0.6215410784118556, -0.3582027893396723, 0.13539620837092173, -0.39582952112593844, 0.35671639635322405, -0.34790351152291665, 0.2158153415478219, -0.34608956752293585, 0.20310708739645067, -0.15475345669718293, 0.20997625633501332, -0.1436151119205728, 0.05880035688431823,S
0.0, 1.8190080663894568, -1.3345130126110996, 0.5722026063662397, -0.2828519308703822, 0.4984107888983313, -0.5632573661386229, 0.3118074221145638, -0.2984184009453694, 0.4862766205776151, -0.5469873908018159, 0.39944343578089203, -0.3169403562874499, 0.3542427907584038, -0.4001563587616535, 0.29714215151729617, -0.17811528755736375, 0.13942099931153026, -0.0927554719811363, 0.0420501446244461,B
0.0, 2.0317965736468935, -1.625407667411598, 0.6535091019369934, -0.0717531726395359, 0.04193370187441253, -0.26531073335359645, 0.4695675795610208, -0.6281767820510624, 0.629923733614002, -0.34258211104240033, 0.08242701009348578, -0.2160177705048457, 0.3836621806077606, -0.39726455000388217, 0.33829125261557697, -0.229158294200901, 0.1197314307587418, -0.03469754774994496, 0.00804603269683131,S
0.0, 1.248502919169019, -0.568308258579149, 0.4920171802213622, -0.4744128872774115, 0.48973682281451036, -0.6087581939605612, 0.43409892044231874, -0.313118566048863, 0.3257732952648383, -0.3008760302927508, 0.3217622819236787, -0.35628013769303923, 0.26486981650518576, -0.2898852886960688, 0.18838495625372034, -0.09439129987887036, 0.15523279785705993, -0.07383361978548898, 0.028258999345283285,B
0.0, 1.3522125457583287, -0.9586415621810411, 0.9817146829522968, -0.7904272283142484, 0.7130441902490264, -0.8285081260176133, 0.6969720244285842, -0.619006869891423, 0.6342133432058182, -0.6473368881146759, 0.6035597202839473, -0.6049429151621284, 0.4171510875940198, -0.43649706157709206, 0.3954172364886604, -0.21374597280256355, 0.2095463997152799, -0.09276954033844105, 0.011468998677299152,S
0.0, 0.8545897499691174, -0.3352755025638788, 0.37849851241479054, -0.43183824489446115, 0.36642172591000166, -0.5156746957463219, 0.37631472825779244, -0.19100536206158714, 0.11554664346901548, -0.22248527290266784, 0.15734556508960593, -0.21378385632929636, 0.09329847946204779, -0.12439910364434473, 0.11616924881582529, -0.10483543331790997, 0.0758848676385669, -0.06526265483399224, 0.04453583466176211,B
0.0, 0.7115565306390534, -0.3522636162010628, 0.47512062657620957, -0.543467926386528, 0.37611805604436266, -0.5087615823962527, 0.6151968972962504, -0.34313202244308544, 0.12633597378671976, -0.3920461753144679, 0.3497476177995218, -0.3442961233696878, 0.2069522090156849, -0.34151999788203874, 0.197290447489305, -0.15624558776210443, 0.21117528069979435, -0.1445567226102144, 0.05581506762285149,S
0.0, 1.8209212073501708, -1.3428433781211895, 0.582951621755471, -0.2933547438975555, 0.509455327810992, -0.5776621393044903, 0.334499177484103, -0.31884284838740856, 0.4982062869655494, -0.5586589275269006, 0.4128297228987077, -0.3291563575924452, 0.35929734270924757, -0.40090441054519027, 0.300353313569986, -0.18141977408624493, 0.14096138328324398, -0.09342014586822135, 0.04210784500353662,B
0.0, 2.023861921162217, -1.6063469572119706, 0.6245226654564151, -0.04466714695951426, 0.028797564034610954, -0.2673811052533779, 0.48215850448956904, -0.6415411100884365, 0.6424023359893909, -0.3486157582105212, 0.07268240086343486, -0.18881671897925142, 0.3584338132680286, -0.39037156829252234, 0.3454552331785028, -0.23683812784948818, 0.12528427979218998, -0.04020814294755537, 0.009476265493278475,S
0.0, 1.248392241414238, -0.559588146560705, 0.4744407899108831, -0.4636644561886126, 0.4838664997156002, -0.6009873901267034, 0.42351989259491446, -0.3026844976233204, 0.31979957281405613, -0.30183697159322775, 0.3200987527388862, -0.3447175713376993, 0.24651917546206892, -0.27918523026181763, 0.19229917995873966, -0.10769225265794259, 0.16808632717053307, -0.07929112857055835, 0.027561663711024097,B
0.0, 1.3702929584081627, -1.0031925514639637, 1.0403293632219013, -0.8509811802670363, 0.776399925546507, -0.8873523395210783, 0.7562046413593692, -0.6759335762838288, 0.6871409291726165, -0.69721336020498, 0.6549329681279371, -0.658402091474779, 0.4674089273085309, -0.4779707200166504, 0.4339968399845265, -0.23678519928137065, 0.22568281294682782, -0.10518241246879215, 0.018151115608521572,S
0.0, 0.8524614204144797, -0.3380119254912833, 0.380197137832901, -0.43124932453220666, 0.3637216616168592, -0.5117527647676706, 0.37163163845440816, -0.18296207385174487, 0.1070981140740552, -0.22068536818590145, 0.15454968870643435, -0.20936972951863964, 0.09021092728548423, -0.11970110516676201, 0.11465479862135328, -0.1071389152125116, 0.0735855797629308, -0.0638866478837595, 0.04552834709078211,B
0.0, 0.7168242931371747, -0.35703786527868525, 0.4790048893492758, -0.5460805461420338, 0.3846366244563456, -0.510605081801976, 0.6155275423635492, -0.35751040373434567, 0.13218767825677535, -0.38987399010474233, 0.3521318194436809, -0.35166859460265715, 0.21373509719289027, -0.34697329803947013, 0.20235532804438386, -0.15714038353267773, 0.2130081828581616, -0.1470450059425509, 0.06106559503019787,S
0.0, 1.8146206629274468, -1.339353187091348, 0.5965083084364962, -0.30537987987207016, 0.4976709014323239, -0.5631838289735142, 0.3447069614938407, -0.3457630379428966, 0.5099563145709167, -0.5521706693387252, 0.41673995133051334, -0.34618985127771057, 0.3610513481575504, -0.38902113971717944, 0.29862501424128984, -0.19296379356159205, 0.15151169670708248, -0.09407003907300046, 0.04060458005946765,B
0.0, 1.9960071847072036, -1.5680732720940544, 0.6201770454456678, -0.06646146365154319, 0.05773888785247383, -0.27400500985765974, 0.4385878870573259, -0.5433763495933995, 0.5189606388576561, -0.2642830371639701, 0.08392972560714873, -0.26573875361568494, 0.419855901933604, -0.4079067444672527, 0.32750893538141546, -0.2066465960859233, 0.10685087427269105, -0.041138162749291905, 0.015272718961183722,S
0.0, 1.2488692095454068, -0.5617248839320476, 0.47549236613617923, -0.470778441440418, 0.49050661610757734, -0.6100659838302532, 0.43250946737957746, -0.31150978167235427, 0.32858476295958733, -0.30797488492040415, 0.3250783014878906, -0.35123504523180404, 0.2535901763614896, -0.2826958003912679, 0.19421935937900361, -0.11058391894723592, 0.17252351269029093, -0.08610471197255076, 0.03118246064426264,B
0.0, 1.338368988886451, -0.9337358841522123, 0.9581701365740434, -0.7671963688786476, 0.6867674908576454, -0.7988210869303316, 0.6607969165354796, -0.57487749982642, 0.5918086082733002, -0.6076085456057629, 0.5636740352699462, -0.5712106377520544, 0.38999427621683797, -0.4156825261613176, 0.38133223582054276, -0.20854808697054475, 0.21528843545517437, -0.09791917541606919, 0.014763942925456635,S
0.0, 0.8481452210507268, -0.3376419928573373, 0.3813701903524161, -0.43369707042656225, 0.3685264050755385, -0.5167132499275767, 0.3777796009642644, -0.18950998012207668, 0.11302629235743275, -0.22753647692547999, 0.1567402044434575, -0.2126502431310111, 0.09464546180312002, -0.11898112021134358, 0.11507326832706741, -0.11006560664574154, 0.0695219417960359, -0.05707337607030551, 0.04274839307193118,B
0.0, 0.7154556836655733, -0.3565526306959127, 0.47379620700888697, -0.542819153709311, 0.3804086388542918, -0.5154711049508045, 0.6191583786165308, -0.3509900277338569, 0.12825956563096227, -0.4035826934869188, 0.363152954394455, -0.3647943835628626, 0.22416184137756734, -0.3561056453720589, 0.20981240678259244, -0.16907131394305233, 0.22200840170927355, -0.1522210296555557, 0.05752930142091969,S
0.0, 1.808146094303719, -1.3417291960162665, 0.6210391908954698, -0.3301093164840794, 0.501597433888296, -0.5575208359603635, 0.34978879069348917, -0.35574810438475235, 0.505983190964646, -0.5435239179617543, 0.4194111117626939, -0.35468117573566027, 0.3603791550240692, -0.37966236336866394, 0.29527943547556756, -0.19350939297780112, 0.1449206198446388, -0.0829856903158319, 0.03533722069339957,B
0.0, 1.9719210373601221, -1.5139077262479277, 0.5688489360580371, -0.060240715343513704, 0.08671577320332159, -0.2921546410137192, 0.4161350564663989, -0.48434594822057814, 0.46774343985817124, -0.25528246253503867, 0.1158559251231623, -0.29310083022442346, 0.4064513411635357, -0.3653251233898178, 0.2880773404664656, -0.19005008215094396, 0.11781297267077452, -0.05898287399949934, 0.019328541779107946,S
0.0, 1.2790218703838165, -0.6510077882312685, 0.5540136705947147, -0.39591628495823245, 0.4637897546919239, -0.5995289733194643, 0.3350041337667841, -0.20694782570913328, 0.25730875213380056, -0.2788931070328029, 0.28205769790194896, -0.2882121599913008, 0.21525387224175319, -0.23324158107042287, 0.1562226545349353, -0.07572496282028945, 0.09511520498131762, -0.021205198454354913, 0.004424153390885768,B
0.0, 1.4062401919541676, -1.0095131727235562, 0.9565295225525374, -0.7918846734492376, 0.8104198899798745, -0.9701411986304876, 0.9183637772810765, -0.7490686731568655, 0.7012071399527715, -0.6881582341537745, 0.6153276515971772, -0.613288934380305, 0.43694056786847324, -0.48164586159927186, 0.3925146158681691, -0.2312341439339604, 0.23550618566367965, -0.08733218258498525, 0.03507619484550123,S
0.0, 0.8249169041380741, -0.4298325247573198, 0.5930762650313682, -0.6225677168636463, 0.5395569843369695, -0.7029733831302005, 0.586924218989313, -0.40997289994864583, 0.3418977919411589, -0.45764147778584335, 0.329235557592434, -0.32941974427701404, 0.2596428795547418, -0.2579873697943119, 0.20967859702998873, -0.22651249788017877, 0.14421898649209192, -0.10476672576490459, 0.06851987151037871,B
0.0, 0.8185664149275305, -0.49304996557716496, 0.6534774645747201, -0.7649713317619611, 0.5594205528190669, -0.5831039573609395, 0.6302435947752918, -0.4929465162658612, 0.31879245978968457, -0.4726202188672804, 0.4315199306070562, -0.46209838272673576, 0.31369849607443645, -0.4320400552302674, 0.2934458609742888, -0.20914241434835154, 0.1732451339764414, -0.10294955559347996, 0.07550448777164485,S
0.0, 2.020343474047968, -1.6401710308178363, 0.5348075548046998, 0.2594247064508984, -0.10296308658297, -0.43753398226724427, 0.5990628876546156, -0.6381035641904899, 0.6169719410078347, -0.4200684679584116, 0.21293390297230835, -0.24140475209493148, 0.32945883615985544, -0.31559775167872506, 0.237818560125462, -0.2423572349960642, 0.2747189453409963, -0.17237147012101373, 0.06035851118759885,B
0.0, 2.266834729303497, -2.0771233441918207, 1.0132142509281172, -0.2583591794709091, 0.06635214562621976, -0.19640168826035398, 0.5223157532568338, -0.800913530768256, 0.7867170153439544, -0.5194669286317638, 0.25717399575633365, -0.3469596398521855, 0.5180455534957196, -0.5013838070684894, 0.322765766440876, -0.11237804739158515, -0.00485981721270076, 0.058280162849128306, -0.028573563201617944,S
0.0, 1.2395210165465047, -0.5755580435408547, 0.4878771428210372, -0.34504237209614075, 0.42141680786827984, -0.5512092959702651, 0.27800209636205725, -0.16157767098004305, 0.22735184431048444, -0.2575179215654805, 0.26517368608534164, -0.2699309000866543, 0.1967601702673885, -0.2189743970047939, 0.14756573756431116, -0.07737881323311743, 0.10116549555516427, -0.02441110185259955, 0.0060332641449108056,B
0.0, 1.3807011043583985, -0.9653725496274848, 0.9297017473427123, -0.7648017844791507, 0.773131999798149, -0.9258934605435446, 0.8820993659423271, -0.7344529255592899, 0.7052477040785283, -0.6902571076664433, 0.6076829495730319, -0.5941109407910098, 0.4297936546577266, -0.4854099673611991, 0.3951102686367352, -0.21991335125316896, 0.22817031945077343, -0.09072559957373062, 0.033757641928893356,S
0.0, 0.8104741729419624, -0.406927692342328, 0.5731585203525345, -0.6027681009609832, 0.5164532305256442, -0.680620614861344, 0.5609893886660043, -0.3824246163681468, 0.3147217947030356, -0.4328852049422815, 0.3057728836163507, -0.30757982400521516, 0.2403039089142923, -0.24255897347678634, 0.19715760804036345, -0.2175373627520006, 0.13682679563110225, -0.09879058659466819, 0.06495200447428062,B
0.0, 0.812600015827283, -0.49515819235010594, 0.6522778142565897, -0.771174809884706, 0.5638766859836776, -0.5858581349247974, 0.6404338409660659, -0.5052039069974092, 0.31731986966135156, -0.4825121393638938, 0.4356462171833915, -0.4634304723684472, 0.31730494535368703, -0.44095461193409574, 0.2964215270968781, -0.21278903930358312, 0.17324557097426982, -0.10792772804236139, 0.0789537533550157,S
0.0, 2.0064598811359478, -1.6004374726222939, 0.4808281071253697, 0.30053930552042224, -0.12113477110244954, -0.43046603298529396, 0.5887817234682107, -0.6230864151212002, 0.6076006652977769, -0.41225991362808767, 0.20070552988577892, -0.230206168288907, 0.3203133557162898, -0.31125777713980646, 0.23322815952508894, -0.23357661370468105, 0.2669570588748376, -0.16528778908451383, 0.05679764900641203,B
0.0, 2.171918880287866, -1.8541053647299301, 0.7928829304226457, -0.13893059622826573, 0.05610453385627858, -0.23909358779600043, 0.5211101572721513, -0.6857060573899231, 0.5849022925082451, -0.31044432005428674, 0.1032769581877105, -0.2604264980929345, 0.44908732553588226, -0.41997798353314225, 0.23247131486106076, -0.02524186240684184, -0.06443641708015367, 0.07509833079468707, -0.026431863502503032,S
0.0, 1.2395280912177593, -0.5850038675387806, 0.501586608748157, -0.3510181219051319, 0.4253103674656094, -0.5541080933541623, 0.2837747653832783, -0.17217645279111296, 0.23316108453839393, -0.25727277034450574, 0.2638759089364556, -0.2693699345480473, 0.2001128671084132, -0.22955397252761106, 0.1616934634718258, -0.08702315354872898, 0.1052270614655945, -0.025678205951579717, 0.00564470257819083,B
0.0, 1.3753131561230105, -0.9674239046121651, 0.9198727238567944, -0.7330262277819444, 0.7277139692803942, -0.8656822582233932, 0.8287277004176832, -0.6947831412989415, 0.6526331011880875, -0.633585974184583, 0.5627534604310577, -0.5532928259673613, 0.38818148059413426, -0.45202124049067927, 0.37488802582045566, -0.21095620387089692, 0.2232445964213686, -0.08258416731321094, 0.028155977455399418,S
0.0, 0.8113721080495364, -0.40876170835916, 0.5730469637680747, -0.6041435878353851, 0.5223209638975382, -0.6872964415262911, 0.5709964487228038, -0.3940962514058957, 0.31905097094951407, -0.43744914834752446, 0.31189229530758383, -0.31286746629189605, 0.2442058057148192, -0.24834479278708718, 0.1996506217985765, -0.2166421481312301, 0.13671828211517542, -0.09935094941653545, 0.06400550326726202,B
0.0, 0.8131223941720163, -0.5050048321658455, 0.6576603891404104, -0.7796200490140328, 0.5828217046910672, -0.6040247607451824, 0.6627601003163212, -0.52488140452669, 0.33665993177734765, -0.5096269622091304, 0.46034275296297733, -0.480551858683514, 0.3403161864065469, -0.45523127842623745, 0.3075547969945498, -0.22389928174487939, 0.1807939354739033, -0.11549441209642541, 0.08714130372768761,S
0.0, 2.0123960177925992, -1.6111750388216528, 0.48586180495979625, 0.30264827873357225, -0.12683753071590834, -0.4306383051920084, 0.5999913780075641, -0.6341662952910322, 0.6068923007132403, -0.40692864171102977, 0.2041123917768917, -0.23880979808412628, 0.3241059679605366, -0.30779436389440695, 0.2251604753392216, -0.22729277218971236, 0.2625926015355234, -0.16059792558739047, 0.05473821344650782,B
0.0, 2.2177503697750907, -1.9702227524866254, 0.9038942077269918, -0.18093459442962218, 0.028791321142378538, -0.1822930522834357, 0.4977041619591542, -0.7434743703329684, 0.7156722828470177, -0.457324272534639, 0.21286839529328133, -0.3133224251601621, 0.46958800626885133, -0.4481833049486171, 0.2934879003000385, -0.10701423005309914, 0.0015569539413126281, 0.04316226110529163, -0.01840641807487057,S
0.0, 1.2419237902184437, -0.5885119785605996, 0.5056861363700133, -0.3595130363759411, 0.4351159409731927, -0.5685272277125024, 0.30299681980610277, -0.19091859914271078, 0.2514852197879153, -0.27328766725373743, 0.2772681878639569, -0.28199372985141485, 0.2111046759590061, -0.23487221661887966, 0.15808240696620063, -0.07919692076499761, 0.09960459708501007, -0.01922884397298092, 0.0026502727352390966,B
0.0, 1.3823329138644083, -0.9805518277574676, 0.9397103675324364, -0.7662586131679224, 0.7678910747508512, -0.9114806801535846, 0.8617188585231492, -0.7117059060264106, 0.6762176734997022, -0.6683932813873651, 0.5990042663848049, -0.5772490102931536, 0.3929841212094754, -0.45811248515605135, 0.3852103617850397, -0.2192513871206348, 0.23467084653961914, -0.09309917135684297, 0.031479924829156375,S
0.0, 0.8075891018605432, -0.40531282286320747, 0.5665372216387398, -0.6026657307532064, 0.5217238198292246, -0.6908622881395325, 0.5789596261770245, -0.39580866134363907, 0.32381722272083885, -0.447334022820252, 0.31951198918420026, -0.3228748540836753, 0.2483626577892121, -0.24431289617466018, 0.20068133749652575, -0.2194356101881897, 0.1383145932925292, -0.10223251912607705, 0.06510475370867985,B
0.0, 0.813553405447256, -0.502623683585816, 0.655012212418169, -0.7722710641339149, 0.5784649260178343, -0.5938875815849769, 0.6526996451393319, -0.5218680261165568, 0.3325551467608531, -0.4960906826684467, 0.45081366099837883, -0.47309825138491735, 0.3271165747246874, -0.44608933570366005, 0.30176763197496853, -0.2202963762840402, 0.17883456013769394, -0.10917316042870367, 0.08099554870245831,S
0.0, 2.0083212084455395, -1.6067535776213016, 0.49001311191251584, 0.2969778719400741, -0.12801102466414438, -0.43078748273597484, 0.6142989216647696, -0.6570928743144641, 0.6176438202820016, -0.405876498973189, 0.2056087456011648, -0.2426314968795382, 0.3243807129730922, -0.3051148219613705, 0.2272470468144732, -0.2362471877536995, 0.26964725696962694, -0.1620804972474814, 0.05472654309515497,B
0.0, 2.202672385224507, -1.9786359474349413, 0.9662721851019345, -0.2320429616517573, 0.014159093071725306, -0.12619996187558355, 0.48070250373911905, -0.7848101836553528, 0.7678459212540019, -0.4919290621418752, 0.24182752058643975, -0.35122844101087486, 0.5136795641831986, -0.4913955407807011, 0.3214754463645051, -0.10604639358007914, -0.011824057433761772, 0.04471734192072406, -0.01635028091495069,S
0.0, 1.2238804645439254, -0.5478127080840304, 0.4639505788997485, -0.32863294741537125, 0.40969953178817703, -0.5463202010352664, 0.2779857799082078, -0.16132213624873307, 0.22616627507019255, -0.2525452460121288, 0.254792225263306, -0.2576052301599503, 0.18582736768140032, -0.209865980400309, 0.13987297985921573, -0.07099650165170225, 0.0993337120304666, -0.02012968081124779, 0.001927131398594809,B
0.0, 1.3849078386506768, -0.9740224417561095, 0.9375111082048214, -0.7573937892440556, 0.7565478066981419, -0.8927496380694039, 0.8399807007712442, -0.6946735039166498, 0.6607569695396629, -0.6401753756740991, 0.5723149459797687, -0.5620070301760336, 0.3914610315624343, -0.4555202419028223, 0.37831485076698107, -0.2150610680290704, 0.23015274424903043, -0.08480973129045283, 0.024521359469968293,S
0.0, 0.8089098692127796, -0.4001663553829697, 0.5516091030349566, -0.5877440696016217, 0.5024474330834063, -0.6648568391314658, 0.5502033562540313, -0.37124259171645646, 0.2950179800217341, -0.42227973715213557, 0.2995601012172224, -0.3036483828738205, 0.2330811744556267, -0.22765951867317363, 0.18565471494030897, -0.20500015821822773, 0.12703645966743518, -0.09418338122311133, 0.060509277926063296,B
0.0, 0.8101322801326903, -0.4878316190929113, 0.6442419194575234, -0.7606824929086154, 0.5568515414559676, -0.5804278698065549, 0.6325557063095592, -0.49228410033329584, 0.307053476816059, -0.48310857090017323, 0.4278570853759959, -0.4520592797989286, 0.3131698877988417, -0.425447726781337, 0.28232175956619954, -0.20016589279658145, 0.16472335061613644, -0.10188893180103534, 0.07402270954237711,S
0.0, 2.001039782154334, -1.5985914901984528, 0.4869623510271054, 0.30265394613044905, -0.13982963253439967, -0.4143668810785647, 0.6054909446137966, -0.6586175194379323, 0.6135365040237052, -0.3899179683353888, 0.19125078109046445, -0.2402092680903836, 0.32911998489886574, -0.3057370535550888, 0.22260072294528685, -0.2319397237696922, 0.2698636140414151, -0.16517769248819153, 0.05579088315990604,B
0.0, 2.1463685573245916, -1.870123144153278, 0.8765449457351443, -0.17389666240747736, -0.008899568733577728, -0.14391773708839087, 0.5076613842445075, -0.7683920428201557, 0.6975445769788923, -0.3890707484486546, 0.1366146234705897, -0.27078085251159273, 0.45443298367984913, -0.4531124330753097, 0.29537026649091375, -0.07004117168145413, -0.05560446760159256, 0.06777523309699705, -0.018781962145809256,S
0.0, 1.2718478943578855, -0.637251857650362, 0.5413793088565501, -0.42117543269329366, 0.4546181523599322, -0.6004208581475092, 0.3947848852655355, -0.22659272959846713, 0.27238224552194423, -0.2846367574112908, 0.24376652136180807, -0.28326799602518127, 0.19907599667836592, -0.24786890843809675, 0.21117509777291843, -0.083626914274196, 0.11644218087274687, -0.06575847029519864, 0.01929845774260552,B
0.0, 1.426604327189253, -1.046563866400566, 0.9540324055087234, -0.7642699301777852, 0.6859265420430523, -0.7197331343178163, 0.6409271021523962, -0.5723321113175989, 0.517623923354572, -0.548328524833553, 0.5328266154520396, -0.5255528231259724, 0.4359454667853314, -0.484806509155617, 0.367955008713635, -0.1929758492790791, 0.164678981234185, -0.04277914331241738, 0.023593308311219148,S
0.0, 0.8525192348842054, -0.4328296167906967, 0.5300647134107619, -0.5636370537385499, 0.5311004019813245, -0.6764606955225926, 0.6162065694934081, -0.41448699319455246, 0.35991818772027306, -0.46929382147246373, 0.38820856718256136, -0.40098681802175556, 0.2799683876514659, -0.275342942512146, 0.24084027495829735, -0.19941693673458488, 0.16307084133689698, -0.0920814272541326, 0.03185102510399131,B
0.0, 0.7975239734834318, -0.5092635988945211, 0.6645517015551277, -0.7646718580637892, 0.5893304687258262, -0.7141481398047363, 0.7486191672199246, -0.5357023132536671, 0.4032203823631565, -0.5717638377469171, 0.4835610618007398, -0.4722136506270985, 0.3537756845650239, -0.4113946055841152, 0.2774100074882355, -0.24207666340475315, 0.20985651522483392, -0.12810016279785297, 0.07190898907675128,S
0.0, 2.1706239739890982, -1.9632967748207484, 0.8019966425340009, 0.1401957608629178, -0.07982289951478871, -0.30788984534465763, 0.2637751799786968, -0.2536116517421605, 0.5033738720268378, -0.6162038752430443, 0.43995807301664436, -0.3401488104395081, 0.435525069715442, -0.44554626546839393, 0.231981628529798, -0.05972006823566094, 0.059396051886304466, -0.09373271885308969, 0.06171916457957949,B
0.0, 2.2158464370747093, -2.046713752311506, 0.9555648632758554, -0.16462411196480414, 0.055694580365295634, -0.17729953806040735, 0.3979556843675652, -0.7363167191643445, 0.8382041689849379, -0.6129026155514762, 0.2652928284155433, -0.18704845275550866, 0.24212488822465256, -0.3059917710058175, 0.33333229941434955, -0.2619244097256543, 0.17131628542361754, -0.0783511616844777, 0.025164404051331392,S
0.0, 1.2344005155823634, -0.5694767744548314, 0.48914516642813605, -0.38512893423847505, 0.41672895469933874, -0.5528570616116946, 0.34101683793045773, -0.1843553466772779, 0.2503912358380932, -0.2679673650523222, 0.22703161205228353, -0.27117018580637897, 0.19000074280589158, -0.24613806278838635, 0.21370361225868426, -0.08953301507169911, 0.1252120073823046, -0.07032502936394663, 0.02018955494157599,B
0.0, 1.4135470982819733, -1.0217691018200232, 0.9156935020650887, -0.7235518913980706, 0.6396871180355042, -0.6711814068395774, 0.5957046615074026, -0.5376789883945575, 0.49143796726120814, -0.5217405802832338, 0.5192263835023045, -0.5195210859829993, 0.43166038651903993, -0.48899884137065686, 0.37538896740776895, -0.20606025245737516, 0.17526897726071425, -0.051021317687583605, 0.026359778882044067,S
0.0, 0.8391236398422163, -0.40922335051274417, 0.5068132259213192, -0.5412054292861325, 0.5082437890286319, -0.6545331421159212, 0.5929045405773676, -0.38828477011001034, 0.33394424799802214, -0.44722853919678607, 0.368516123188923, -0.3841335237311587, 0.26430953920773564, -0.26156868975005837, 0.22843923837031668, -0.18824140552368393, 0.15245978068192328, -0.08283499386737773, 0.027050784087648428,B
0.0, 0.7771947991474238, -0.48679813935083427, 0.6377394627084401, -0.7332952888059461, 0.553569458950109, -0.6826735328724409, 0.7112755865831549, -0.5007563561316875, 0.37413496305876315, -0.5443979950481144, 0.44990053404939423, -0.4459992647719683, 0.3243190046546981, -0.3821343586918233, 0.2560131805142544, -0.22568230827507285, 0.1879234664386617, -0.11300403839850519, 0.06590482361605973,S
0.0, 2.160760483347621, -1.936681549594568, 0.7659979270173997, 0.17338951728833737, -0.10897854576382342, -0.2791867505341437, 0.24038814571870937, -0.24198857035772545, 0.49876339222768845, -0.6063715730767446, 0.42805973510526535, -0.3341463955001985, 0.4338309149592449, -0.44449188214560587, 0.22701278349317616, -0.054354084325580886, 0.05616783889320902, -0.08983014859849767, 0.05964401995400189,B
0.0, 2.161838988020729, -1.8906184691373351, 0.7774531138692913, -0.09405205218658656, 0.09382519531982485, -0.2144276836759907, 0.3549224453353642, -0.6033179796046452, 0.6625436472084224, -0.46952732401930153, 0.2035469335932812, -0.1855293024301116, 0.24100340649087415, -0.2758491409932567, 0.272160029081722, -0.1884999690634661, 0.11985250359245124, -0.060317610412663, 0.02397115553581158,S
0.0, 1.2255553735895015, -0.5491432872616385, 0.4688060605611111, -0.3652898499013815, 0.39680832278086325, -0.5318901841578628, 0.31612458904202734, -0.16276125163216743, 0.2332356704485166, -0.2541750645503091, 0.21038495501569784, -0.2529780005720766, 0.1725210239878088, -0.22659224795748106, 0.196393764757868, -0.07480123180548912, 0.1132237544312503, -0.058956938332515176, 0.013000658500277663,B
0.0, 1.4055911347202141, -1.0096138925156748, 0.9120287308912783, -0.7273097557340481, 0.637537991588431, -0.6622339055483514, 0.5888395333800476, -0.54056109484175, 0.4971602861430061, -0.5258905556106741, 0.5154442727204788, -0.5094716001573526, 0.4126238991350706, -0.470452416775324, 0.35544474115963287, -0.1793185998625, 0.16026519456824814, -0.038165037923262826, 0.017524156617051354,S
0.0, 0.841848716833553, -0.414682634866767, 0.5094560462298159, -0.5471061806290499, 0.5144345338978906, -0.658076883948942, 0.5986672786459494, -0.3917748535033729, 0.3327099818881216, -0.45104774659355, 0.37329775051600883, -0.3844565107887727, 0.2650324572958911, -0.26128828877355587, 0.22835891239821537, -0.19311974292160833, 0.15654401487287062, -0.08148883079510771, 0.025195295897160217,B
0.0, 0.7712439865006875, -0.4787493829311852, 0.6245304914657712, -0.7155858448270976, 0.5306284850227039, -0.6473149966516147, 0.6776761986974722, -0.4618417604782373, 0.33440725532894644, -0.5102519522020921, 0.4170811714535554, -0.4143768193854447, 0.30155110888102316, -0.36222358775930324, 0.24489613897824195, -0.22003889700655016, 0.18558646591222966, -0.11199249916217578, 0.06948757414455108,S
0.0, 2.154383504043813, -1.937657438503762, 0.774634902868475, 0.17258875929930023, -0.11595313177784222, -0.26742603614551597, 0.23658595852242933, -0.24227818048974387, 0.4950035394220341, -0.6068916686822451, 0.4335505355274955, -0.3386536743184795, 0.42455966878677465, -0.42798521399278205, 0.2191389069390147, -0.04774030743493392, 0.04579545424037968, -0.08084293969841377, 0.055966031319734384,B
0.0, 2.1644604220329278, -1.9610370428834591, 0.881541767633332, -0.0999288539676281, -0.009509032612684506, -0.12276805725604954, 0.3750733033718852, -0.7356707420578733, 0.8294747530167721, -0.5845483496531698, 0.2245855803780321, -0.1432181600662706, 0.20839063139199593, -0.2887792545478897, 0.3295105488374766, -0.2633962443717389, 0.17472996209582783, -0.08362783539170701, 0.028055534127078105,S
0.0, 1.2208727579347596, -0.5474517060225276, 0.47433173963599295, -0.36895761426867274, 0.39420503409024643, -0.5249672456315742, 0.3105904872172686, -0.1600549969226416, 0.23206191850355223, -0.2545879871152742, 0.20990410099193083, -0.2538266358998754, 0.1753054330089383, -0.2286040610476647, 0.1991360537860206, -0.0765032549419809, 0.11372550394494392, -0.061079251378097874, 0.014607617959327053,B
0.0, 1.413583718228637, -1.038614710350834, 0.94162505606417, -0.7468602388984952, 0.6451090893372811, -0.6652178391838081, 0.6016738686218152, -0.5584978277734539, 0.5110633228126249, -0.5290665902687869, 0.5246100600524729, -0.5255765607453263, 0.4376081293270112, -0.5017277834445334, 0.3897493111284307, -0.21339591011202413, 0.1867338557611688, -0.05372568342633565, 0.022245414279879423,S
0.0, 0.8469780803226413, -0.4243161603254525, 0.5175688576975299, -0.5571420809603, 0.5257083493444255, -0.6665224693168348, 0.6094446655451906, -0.4009171733689824, 0.3417101254475774, -0.4609957442820719, 0.38026146981532616, -0.39089634350402785, 0.27148463747323837, -0.26726203195091036, 0.2335515918737848, -0.1967075304908398, 0.1575269763252341, -0.08116136008538702, 0.024975044181944538,B
0.0, 0.7662107233677948, -0.4738560230255091, 0.6067583928431121, -0.6978702478933999, 0.5233755271502017, -0.6411144488361518, 0.6735387595014035, -0.46348761911540237, 0.3345173379877365, -0.5125464180822837, 0.4145888044980425, -0.41801574485820986, 0.30573382199858856, -0.3580241071451837, 0.24428935876801963, -0.2232571770547485, 0.18145800614054172, -0.11468601977256175, 0.07096732074933576,S
0.0, 2.1628396813092787, -1.9556404472983533, 0.7895611970023866, 0.16481296802462778, -0.1193543135341957, -0.2627188585236824, 0.23555438232540002, -0.233849448580065, 0.48105194994728173, -0.5999299193440333, 0.4391223053653224, -0.34752384006776416, 0.4266368108976881, -0.4317842049410355, 0.2279283711429329, -0.05594496003009138, 0.048638303522899495, -0.07779893621413916, 0.05279617393216195,B
0.0, 2.1365624824086846, -1.876751142983528, 0.7911900690955584, -0.10543512107374389, 0.07915777882082962, -0.18094350689169608, 0.34147469730284474, -0.6305507076998286, 0.7151791908791851, -0.5078346492315199, 0.21329004239337485, -0.16903592112311025, 0.21798919341264647, -0.26530254508984696, 0.29487936763179334, -0.23550682942290202, 0.15531906870031315, -0.07543060987610331, 0.028346322992320747,S
0.0, 1.2268734577216003, -0.5602862525486539, 0.4864978597009786, -0.37936570979843415, 0.4035826821409963, -0.5348108182903485, 0.32480271478011474, -0.17475959649951667, 0.24265448899040712, -0.2633475178158163, 0.22004505809030686, -0.2644851064207627, 0.18326447712617996, -0.23619136169099988, 0.20747942715216106, -0.08207620146983997, 0.11753449116656173, -0.06290196714352057, 0.014559756607501558,B
0.0, 1.4140306171794628, -1.0142521027831715, 0.9104314062379723, -0.7075234857582036, 0.6002802963984282, -0.6216224349946045, 0.5472297406141322, -0.5076282526588214, 0.4578184720758455, -0.4739997635485322, 0.47046301078758923, -0.4776818722871293, 0.39806058014684126, -0.46042436993256836, 0.34795447509093663, -0.1753046184585836, 0.16135104462218577, -0.044568092029596766, 0.014951777165798756,S
0.0, 0.8359368300747989, -0.401589827323701, 0.4944326487410769, -0.5340323293322555, 0.49764651900225065, -0.6385815312486811, 0.5791174891888738, -0.3718925441358796, 0.3157907775474305, -0.4374654526933443, 0.35441865709101306, -0.3664847106495449, 0.24764839145334605, -0.24315302982988585, 0.21460453922613332, -0.18023537523281177, 0.1429822770352247, -0.0714587881368734, 0.01941199497531311,B
0.0, 0.7658257773722281, -0.4678636689835796, 0.6085169177237513, -0.6987636555452237, 0.5244726461395491, -0.6326987315211899, 0.6671430782622655, -0.4586332665772112, 0.3271357339438181, -0.5062354289154748, 0.4165513325112081, -0.4155439131875649, 0.3022976730605244, -0.3629437652427353, 0.24968638093827464, -0.22256200137685284, 0.18099454557929617, -0.11372895605126603, 0.0706963541970385,S
0.0, 2.173051327001958, -1.9736129871673327, 0.8022123275873254, 0.16691957942587132, -0.13451074221955894, -0.2577874141559741, 0.2544337355316543, -0.2614096158641907, 0.49223397821451015, -0.5944248263017573, 0.44119041930186786, -0.3549858713555638, 0.42620051181344426, -0.422692601503537, 0.21749416674718886, -0.05325208374592576, 0.050069992001797424, -0.0757230604583793, 0.051455853639555016,B
0.0, 2.161812815544381, -1.9609331659281142, 0.8791084877838776, -0.10598303904044667, -0.007851406876978585, -0.10259435629415278, 0.3597756984196804, -0.7421214776755449, 0.8582399850810893, -0.6180054110137506, 0.24971101456016667, -0.14786958859937, 0.1946506670539644, -0.2734715096278501, 0.3220069046741337, -0.26773079334609046, 0.18732135786979315, -0.0956310457712529, 0.03414185278860912,S
0.0, 1.27615799284096, -0.6934253888216845, 0.5777385211143694, -0.46099877165579867, 0.5485122498412331, -0.7280844720710741, 0.4775683256328138, -0.335595129533591, 0.3467066952605616, -0.3613425213057951, 0.33003285640554386, -0.30921304078316286, 0.2315801726443384, -0.23455021837946535, 0.13817271776353843, -0.05050128517080926, 0.08636872276078686, -0.0497712305472835, 0.027349642304634762,B
0.0, 1.3447143561828543, -0.9423416191780734, 1.0132733109755945, -0.8091074359922689, 0.7799012863389695, -0.9129076024348434, 0.7829150674654228, -0.5962797787710247, 0.5163618727841798, -0.4620393074950599, 0.3868706930663233, -0.462801086620826, 0.3098922604685564, -0.38019086033398963, 0.38321472304296134, -0.17153277908459155, 0.20053880913813066, -0.08066462057720615, 0.014636841265074547,S
0.0, 0.7653653252609033, -0.29644627773390125, 0.49542017898882534, -0.5168311455205744, 0.3386370642671024, -0.5722953584608781, 0.4390923098890229, -0.3320946974360033, 0.306250923931695, -0.3273753046328981, 0.25169436141365403, -0.30221836054500384, 0.18725888176939326, -0.24835708052638164, 0.19491966547474213, -0.12397525999528275, 0.1165979160291392, -0.11873400873322926, 0.053401876049467126,B
0.0, 0.7979645655996288, -0.5704026736586048, 0.6612556412297044, -0.7314127614065252, 0.5687304397396646, -0.6874499474555941, 0.5682224991769466, -0.4269364366585556, 0.26814724104598264, -0.4128757870786779, 0.29183208650966025, -0.3922162752823234, 0.24714883504128715, -0.3760348702805812, 0.2563209435877817, -0.2046876830176649, 0.17495771354719217, -0.126522902946271, 0.06504561215108404,S
0.0, 2.092141967636605, -1.7705800316997697, 0.7041860624810918, -0.006473803801674893, 0.02053267096965508, -0.1304567819607728, 0.09161738242019374, -0.49630952308884135, 1.100870036115092, -1.1011168148904846, 0.5115374470889962, -0.08627391483526632, 0.03947671078465263, -0.14284980121107066, 0.17644415361347243, -0.19848077543379467, 0.24852854852063092, -0.16990826347776633, 0.055358628445900615,B
0.0, 2.2423744795264993, -2.057914982305361, 1.0037997670631151, -0.30085197159888066, 0.055817246128588634, 0.11690224121893102, -0.12231875179053583, -0.1723605294094835, 0.5008741951740701, -0.6230308521463649, 0.5445372316398772, -0.5551366494605862, 0.5419159347834003, -0.4225974562585212, 0.280184983985057, -0.19083711610748366, 0.12567637907070728, -0.03537106174377075, 0.0032272759005698994,S
0.0, 1.247484837231976, -0.6396096560967844, 0.5321371807207493, -0.4274828683864643, 0.5197327013896337, -0.6939339885199631, 0.43492472920511677, -0.3021588440719402, 0.32756787200314424, -0.34714710963142975, 0.3175743745849745, -0.2982209793609692, 0.224595994702129, -0.2360345079721003, 0.1431466174733399, -0.0582027314633097, 0.09617139995100071, -0.05794859209203293, 0.03177031722173175,B
0.0, 1.3131287033207304, -0.8846622556945948, 0.9580333704469545, -0.7551470620190821, 0.7267085845004922, -0.8488603007054689, 0.716525444758142, -0.5330814432825755, 0.4641952782405703, -0.4182134797842239, 0.35257200326083454, -0.4333440613821285, 0.28548161839913944, -0.37526032504634294, 0.37469489056201016, -0.15600675135688571, 0.1981768678805295, -0.08465446254276705, 0.017540239325953503,S
0.0, 0.7463531290220016, -0.27012416022380736, 0.47057255629341643, -0.4896481954528349, 0.30980934839129654, -0.5420506588711269, 0.4070374846099644, -0.2964026225944392, 0.26964550409226135, -0.29399688758058456, 0.21984322657418925, -0.2727119861371967, 0.15741532622214632, -0.22295115786396014, 0.1733624813743615, -0.10508699955461995, 0.10158188075163566, -0.10501851949448555, 0.04560093559655213,B
0.0, 0.7807702522087917, -0.5443788819831017, 0.6323156428953052, -0.700006552632168, 0.5402240548467361, -0.6527855124074523, 0.5340178535075308, -0.40488585413540484, 0.24996520898917252, -0.38991048603423567, 0.2586256693777416, -0.3665114033275987, 0.2330670692642985, -0.36139771722018504, 0.24430379592993579, -0.19747853477168176, 0.16549823411811815, -0.12125657881700462, 0.06095459084511744,S
0.0, 2.0776381641106894, -1.729167202790276, 0.6495236704157813, 0.03688265099831817, -0.00829511786915175, -0.10079644818587097, 0.05590713780046587, -0.4658165729730443, 1.0857794681902642, -1.089557533823903, 0.4937726716441745, -0.06727803189595785, 0.022688963255744047, -0.1295092653522266, 0.15922485012557963, -0.17486082192608662, 0.2268414775274003, -0.15465547472711555, 0.04965465830884113,B
0.0, 2.200705613691201, -1.9589423392985217, 0.8770941760643582, -0.20458807396473314, 0.05433266473565981, 0.06180464002401109, -0.09755264345766415, -0.1439038697845664, 0.46414708502827223, -0.5806585957247706, 0.47136984221671385, -0.46134426239866366, 0.47713939522949256, -0.3921656694096411, 0.2534418552844294, -0.166964715732981, 0.1170256482449824, -0.03991564125094102, 0.0061680475720788455,S
0.0, 1.2519358133032827, -0.6518329234112421, 0.5403528513665163, -0.4329379621769467, 0.5195114675784092, -0.6926910180038978, 0.4429555433466252, -0.3110348620797865, 0.33236459903079824, -0.35480463218469954, 0.32689629963846306, -0.30115078511241844, 0.225921919171391, -0.2402764699771677, 0.14516961607128734, -0.06075529366218325, 0.0949945159711582, -0.0555220959388855, 0.03340048244494186,B
0.0, 1.322899365884801, -0.9107293439391161, 0.9777026279061234, -0.7610172516495444, 0.7165308859835556, -0.8464413824039329, 0.719656083136617, -0.5339977902417695, 0.4616647117010695, -0.4131527455963065, 0.3545219029525117, -0.44623931925342364, 0.28975463622223985, -0.3781728950684046, 0.38662006462673254, -0.16521180755679826, 0.20648364468410646, -0.08522108557710065, 0.01402638398413749,S
0.0, 0.7472306232159966, -0.2706814806620287, 0.47006054080416015, -0.49420833167815637, 0.3146129419219158, -0.5450459783775787, 0.4148256933464671, -0.29895229717293414, 0.2692450498191665, -0.3006702706648583, 0.22296242887307985, -0.2760743303618354, 0.16366443435943834, -0.22706888346007154, 0.17809880987098137, -0.10972950235906621, 0.10258116948664428, -0.10715509512800592, 0.04687261092678245,B
0.0, 0.7748678267147894, -0.5475715120784156, 0.6305727771036154, -0.6915411632108699, 0.536115005355562, -0.659791118833721, 0.5344361786218801, -0.3959233070496778, 0.24002655614121643, -0.38558039869956606, 0.25838378385468563, -0.36473654180000986, 0.22473119291706872, -0.3539606000895921, 0.23865592488817852, -0.19127313663662426, 0.16141470456262702, -0.1146797935917213, 0.058794675356999365,S
0.0, 2.0820627318121714, -1.7425419825170754, 0.657692244251784, 0.03694602605341119, -0.012629961309455514, -0.09774067492808801, 0.06579420286043905, -0.4790569366385816, 1.096922383418385, -1.0986694982168776, 0.49870869057822137, -0.06794768113953646, 0.015074898454675505, -0.12439195999793493, 0.16160932137994802, -0.17989224906443602, 0.23289238421590233, -0.15753518672085273, 0.04988672099061397,B
0.0, 2.1278562028203107, -1.7652677280692768, 0.654439069073902, -0.0705977523769669, 0.05208812050212676, -0.05725522507460762, 0.08239926088939631, -0.2515547430256893, 0.39781734981661054, -0.3711136264468291, 0.2399454323199198, -0.27433327998615165, 0.346463792197821, -0.3472851857340205, 0.2840181370861165, -0.19899153795888047, 0.10298055073744339, -0.009577845199793015, -0.005139497768054419,S
0.0, 1.2523092395207631, -0.6577105406185857, 0.5520586504625948, -0.4399325700895589, 0.5200075756211754, -0.6908914217218423, 0.4348314123274974, -0.3007255598497721, 0.3187157027176253, -0.3432491725004782, 0.32477553799848097, -0.29879901154740474, 0.21875021671800848, -0.23500529437416542, 0.14194635269406525, -0.05770649996746757, 0.08461505487409705, -0.0350846259776954, 0.02355409075003759,B
0.0, 1.3237998064379646, -0.8911646896613801, 0.9597879495836323, -0.7378833150005606, 0.6885258903229973, -0.8108804521912061, 0.6713762722874078, -0.4797716300320422, 0.40661700775098575, -0.3587997125144015, 0.3076926873903242, -0.4036273875548711, 0.2566056015250616, -0.35158459493576705, 0.35917860107907484, -0.1454248537522816, 0.1903823707560229, -0.07706745267910943, 0.0072212382129196095,S
0.0, 0.7458502703489762, -0.2708839891331475, 0.471231350562413, -0.49468882702020506, 0.31795903895567634, -0.5504202580330968, 0.41685629658038004, -0.3062815969111269, 0.27789238872292543, -0.304068655431054, 0.22910343461098587, -0.27555419499615413, 0.16187013714681556, -0.2281560262250787, 0.17743039572656588, -0.10987929082033249, 0.10370121143694212, -0.10525610858233399, 0.04506231634407263,B
0.0, 0.7820268409822948, -0.5547634745165076, 0.6470284531421668, -0.7110254086053517, 0.5568067275216176, -0.6756400328850656, 0.5537895527125252, -0.4190796726088531, 0.2612268503843525, -0.4038170242233328, 0.2760944306066236, -0.388017645478398, 0.2400533144390938, -0.37539838709184, 0.2568722694540908, -0.20508961684411342, 0.17426324284766162, -0.1304214285972079, 0.06618887855874514,S
0.0, 2.082424790334452, -1.751614345654861, 0.6786780637198293, 0.02258411143306884, -0.020824278762089574, -0.08180743399268875, 0.06785692830703899, -0.5025690909577573, 1.1152502022413635, -1.1010516567108668, 0.5025597843382794, -0.07731418318162554, 0.017379116554821536, -0.11700282341296678, 0.15758257870778972, -0.1865806231183081, 0.24063583604516783, -0.15817468439198742, 0.04841475473676549,B
0.0, 2.1352281677044807, -1.814010762193196, 0.731304972398359, -0.12177354765703889, 0.04465202643255592, 0.003909107938960977, 0.005266694370869058, -0.1975293714662551, 0.39682451713164224, -0.4221900225641575, 0.3193307639643029, -0.35082475959021414, 0.39790108179948325, -0.38081637933862117, 0.30694988544634383, -0.20493565640546482, 0.09528591800013064, -0.005397982636257965, -0.00447238820082251,S
0.0, 1.2365683225557815, -0.6288688317891545, 0.5273474456703673, -0.41667006515492244, 0.5036093505909252, -0.6766873336641085, 0.410931622087074, -0.27170476998902293, 0.2950840067893823, -0.3248207709854539, 0.316473615976196, -0.30006222647624803, 0.21633881387413265, -0.22423207721522034, 0.13707935774193938, -0.0566475602386958, 0.09200057942730872, -0.04412515353730979, 0.028023881803312767,B
0.0, 1.3288257157831236, -0.9237312146771961, 0.9926849843776586, -0.7636595527033054, 0.7184592448141773, -0.8407677868965574, 0.7217330665672236, -0.5339900614269368, 0.45334170399013596, -0.4042456667017722, 0.34200100406795386, -0.42256536717553517, 0.2600778241296247, -0.35291840362914123, 0.3565300506990075, -0.13936364492138256, 0.18722766460435855, -0.0763102984345515, 0.009801920497009852,S
0.0, 0.7430978926457951, -0.2661307593221667, 0.4549459258330582, -0.48432344142669037, 0.30995810541736196, -0.5293881714342011, 0.4045279369306487, -0.29474243394637706, 0.2579913747514575, -0.29833922789505524, 0.21525450674282956, -0.2594031189594302, 0.15594442548055984, -0.2136804126067605, 0.1676865101958255, -0.10851820968743016, 0.09674685081618621, -0.10202833957620183, 0.04503247712525771,B
0.0, 0.7767553615911875, -0.5437418171933599, 0.6254470899918699, -0.6866435256638895, 0.5282806918382986, -0.6563734912403029, 0.530317246054571, -0.3924295128892323, 0.23999611647917538, -0.38772910180547715, 0.2550117480408874, -0.3614278202461996, 0.22560384017541207, -0.35311225022025117, 0.23756036715441012, -0.19207582620001057, 0.16234305193512688, -0.11690253629732579, 0.057259740272013554,S
0.0, 2.0881670674948976, -1.7674178882437315, 0.7035585051988434, -0.0020990060408811115, -0.00726621086733904, -0.10623103345766197, 0.11484599367904973, -0.5540678136066834, 1.152634207024162, -1.117166857671737, 0.5117754381255708, -0.09850057181416082, 0.05231906524408404, -0.15662270217939112, 0.19756600745663372, -0.22000198326622794, 0.262806690983194, -0.1684844049863087, 0.05102649119577855,B
0.0, 2.1584963287310748, -1.9120311714727922, 0.8682614578090326, -0.18557595896209192, 0.006070336377682491, 0.07946928189017793, -0.02931615769416948, -0.23366002773764424, 0.4584834573186018, -0.4627276483404255, 0.34877757884138705, -0.39287878199372184, 0.4507115193551969, -0.4346667779666999, 0.36135099165981427, -0.26129639523543635, 0.14696528718918175, -0.03873172124190709, 0.004513784132676634,S