0.0, 1.4871727633826812, -0.9797483207924436, 0.879914086745637, -0.5509811224871756, 0.49354898008286047, -0.7101636905089459, 0.6153015593954526, -0.6090489488839445, 0.6275362344062636, -0.5117315140701422, 0.42977672249144544, -0.43590304998334617, 0.34091365398350476, -0.3434675006689016, 0.3452033056492471, -0.3382334252780443, 0.36729052788131034, -0.24892430907689275, 0.06173121448164703,B
0.0, 1.3247850327655926, -0.6813144485525562, 0.660972368706521, -0.4671228697087237, 0.5245794145720906, -0.6829122955457777, 0.4825822568371932, -0.4589867066125854, 0.5694186351425208, -0.5143117767004681, 0.3207661625735138, -0.36510093092319185, 0.38998011400570065, -0.30536612098612714, 0.26779002792029105, -0.2185719213394004, 0.2108512643284732, -0.19365902953924052, 0.06899778706915392,S
0.0, 0.7777819591468149, -0.2568936735597233, 0.5679618096116944, -0.36578330229186845, 0.3319497331065536, -0.7297421625779587, 0.45526710052857505, -0.014028847817367617, 0.10640558668690703, -0.19235563158265737, 0.1376804242705973, -0.2883394389936971, 0.0561936113717311, -0.068914102784441, 0.12583784158480643, -0.1504381984663605, 0.20119369499638048, -0.1586395045459174, 0.04535433965806518,B
0.0, 0.6730301379915344, -0.1109400999858217, 0.27033621640030414, -0.1950538741197888, 0.3315470038709784, -0.424542620988413, 0.2702213437083872, -0.09338238563235295, 0.05934264932657783, -0.26272719904241426, 0.24270300110626072, -0.25211637403631004, 0.15301659835498274, -0.05185267613301343, 0.06690041368392902, -0.15806959497830414, 0.06981482048760261, -0.07487563243709468, 0.05326685212119394,S
0.0, 2.216354756268364, -2.1381075945260988, 1.2565014300453088, -0.1529017739016242, -0.24198723886565648, -0.05283021232873624, 0.12486916533685294, -0.3143350743069355, 0.4506400942432426, -0.2627520010221037, 0.14893449512553178, -0.15282406486251743, 0.21921570843264915, -0.3091049735638552, 0.23817051726860525, -0.13787087911695858, 0.09699833336126962, -0.08812559293692707, 0.05455940408050247,B
0.0, 1.7842345148373084, -1.2419726419185806, 0.4187071976197005, -0.09745792408187189, 0.5427736267472749, -0.5821329900235644, 0.12284580548573054, -0.11993102620319306, 0.4761050377243958, -0.5771318245939671, 0.2500351610512897, -0.14591888666017985, 0.3225554701856682, -0.3938988296066693, 0.25077210357317775, -0.16014316484091817, 0.23034192341912288, -0.25631922902429255, 0.12217036772785689,S
0.0, 1.487459345511407, -0.9834773321269105, 0.8846419453543414, -0.549304903526516, 0.48471045431714765, -0.6979366018322891, 0.6078997599417962, -0.6068755626426517, 0.6228048624468617, -0.503193392706121, 0.42139702776226906, -0.4285721484272938, 0.33356058269700867, -0.3392579265716705, 0.344712501446425, -0.3404509256966476, 0.36851743820747945, -0.24711903210432548, 0.05991058539937668,B
0.0, 1.3220919045577608, -0.6845593171667924, 0.6671323204619402, -0.46206673283033545, 0.5104724969082385, -0.6605789199517736, 0.46785368414370415, -0.45402343211662527, 0.5548282446090378, -0.4955333124224001, 0.3078823410606646, -0.3532001037552457, 0.37855903434891486, -0.29591710649958036, 0.25811320233171475, -0.2133918673131561, 0.20585329910316497, -0.1859511199230073, 0.06517036439505004,S
0.0, 0.767484586725834, -0.23959790337621953, 0.553887608609849, -0.3500358281923094, 0.3166811216543828, -0.7186605169503066, 0.438671437600319, 0.007324305992729681, 0.0895721334203485, -0.17824360818453772, 0.12589376396417878, -0.2791875953318149, 0.044107032278450545, -0.05853279167960285, 0.11677492687290787, -0.14220378993387375, 0.19507639872380683, -0.15339146974818982, 0.04068311312407953,B
0.0, 0.6598155666378126, -0.08934506948598751, 0.25220351056253365, -0.17894506853528824, 0.3166238800418325, -0.41038733608890404, 0.2568536422374231, -0.07934074994405335, 0.04988446575639853, -0.2551364401528435, 0.23286575125608516, -0.24263345954561047, 0.1434792941136796, -0.042097483398868644, 0.05590337363703154, -0.1481824268993294, 0.06194921102551504, -0.06888236516116111, 0.05029714340757517,S
0.0, 2.2157502714148363, -2.1303173395339257, 1.2359298361457087, -0.12438524825597222, -0.274650399517379, -0.021145443795691662, 0.10194052600906194, -0.2973437250116329, 0.43390854039226145, -0.24115209351146835, 0.12532703449723523, -0.13362517996654408, 0.20374608891762017, -0.3008562306697619, 0.23518713012994003, -0.1351291534074795, 0.0938338711640875, -0.08380278528649351, 0.05179684551831359,B
0.0, 1.7662716020365277, -1.2026356309592408, 0.3718396736329189, -0.05530917181696685, 0.5110371338923672, -0.5467776789879935, 0.08580227984256529, -0.08819294134476684, 0.4480711011934128, -0.5465122878543814, 0.21578054489562695, -0.11200446729312928, 0.2857080178343654, -0.3611853053614221, 0.22248937900932336, -0.13297974488471667, 0.2091247834693513, -0.24098576488763557, 0.1153765820170096,S
0.0, 1.488480492094647, -0.9911310130973505, 0.8896515879801001, -0.5428822380509993, 0.4730600620268999, -0.6831875578403388, 0.601278577410724, -0.6067772665335138, 0.6161352640619837, -0.49446869055064174, 0.4180084660266149, -0.42906112325136353, 0.3319674300838737, -0.33749203927065236, 0.3451886476157751, -0.3421591902001351, 0.3712351882846916, -0.25032437430978755, 0.061501428818700354,B
0.0, 1.3149302070227287, -0.6731355840787994, 0.65626024006725, -0.4484038194214152, 0.4920705357664913, -0.6410549739722492, 0.4501622493219891, -0.4349346198563378, 0.5364054834539174, -0.4793500441172987, 0.2931995901476578, -0.3399404182334201, 0.36579226853823466, -0.28576927951334385, 0.2515985102602246, -0.2116253974733585, 0.20543396148060716, -0.1839857565464486, 0.06456170747666054,S
0.0, 0.7727565034801185, -0.24725406920055057, 0.5746081417227448, -0.36865361549028813, 0.3277915121102285, -0.7389131325275715, 0.45272198986636436, 0.00880260533551618, 0.09334597596165521, -0.1811535919465055, 0.1251065689071517, -0.2846767078683187, 0.04075682994131584, -0.059341069084878004, 0.12337001961271964, -0.14647149396298095, 0.20185186537704938, -0.15963400754418605, 0.03919143270971088,B
0.0, 0.6590807062323224, -0.0871734918691348, 0.2517880599489014, -0.17802652348151107, 0.316402187681798, -0.40924832579744297, 0.251930582709283, -0.06897715753403162, 0.040279425496857646, -0.24710255262622288, 0.22587621754462642, -0.23854871152568316, 0.14129253616815726, -0.038065291076248405, 0.05331820663924864, -0.1491834926859213, 0.05750534438956155, -0.06531592947995554, 0.046463561235366845,S
0.0, 2.2135365741853588, -2.124887350684734, 1.2297256171171096, -0.12133080328768366, -0.2730753821472225, -0.024512722702693272, 0.10361912544179873, -0.298739929092408, 0.4374118316124458, -0.24780441557341512, 0.13439382550744008, -0.14190377101945362, 0.20941059622588568, -0.30348964923834265, 0.23565499010362112, -0.13581897920253005, 0.09476763459439333, -0.08408483173447161, 0.05186857601818278,B
0.0, 1.7654101675542675, -1.2065405339016984, 0.3769234998471774, -0.061831802092464465, 0.5206965219191363, -0.5537192250560166, 0.10060023523346748, -0.10444412216643797, 0.4597300935406621, -0.559209668636628, 0.22893975928474172, -0.12929299258824, 0.2966468636206722, -0.3632725020198143, 0.22359450397777175, -0.13647548155543307, 0.21657757155225105, -0.24664341579040208, 0.11699372598348465,S
0.0, 1.48868597978825, -0.9952729645911573, 0.8938830491122702, -0.5422445599217743, 0.46949193076191437, -0.6845745271514063, 0.6092079582799077, -0.6126439076976593, 0.6159107621916343, -0.49419955861373926, 0.41885682823202963, -0.4287143086583183, 0.3312102471440886, -0.33644059898098055, 0.3449227677514228, -0.341840794723432, 0.36890015907760665, -0.2483963111151759, 0.06092870601447053,B
0.0, 1.3101316530097156, -0.667072070034626, 0.6523385926688279, -0.4409290025213935, 0.4792789285828657, -0.6242782841553928, 0.43711677773319885, -0.4253009963405038, 0.524739270943707, -0.4673976122081501, 0.2836556765937014, -0.3342064058909761, 0.3624331188172706, -0.2807144279317338, 0.24724649722064176, -0.21254604454667875, 0.20600350826047087, -0.18294474354541257, 0.0643243601806779,S
0.0, 0.7725627982472435, -0.25166574646030604, 0.5854140098525557, -0.3828600235097983, 0.35314275986422256, -0.7508874759617886, 0.479148340387887, -0.017017799835819216, 0.10648333756839828, -0.2138698057829878, 0.14248173624175703, -0.27900533438566627, 0.035797217563203663, -0.05522948801024341, 0.11821441226968682, -0.13779786097958893, 0.18664988914221514, -0.14843793140691416, 0.033916704312278736,B
0.0, 0.6617535124033684, -0.08739621567761408, 0.2531969651990958, -0.18331279883745066, 0.3215374511665812, -0.408310196488775, 0.24521018227047262, -0.056736731378649485, 0.027858456305859612, -0.2487771675595059, 0.23660182678719052, -0.24552284616234898, 0.1373095039314187, -0.035408457524060404, 0.059637393291865085, -0.16421851042113522, 0.07204323664984, -0.06861462415349333, 0.04551883808762369,S
0.0, 2.235403832869267, -2.178123688363454, 1.2831875318051884, -0.14000395240124855, -0.29865019657758507, 0.003129068600689287, 0.11178588680053296, -0.3169763861843658, 0.4377961979335329, -0.23532877172672578, 0.13270199590155352, -0.15438078023031848, 0.20644125957353432, -0.29167255030108713, 0.23650206960732992, -0.14152210667089835, 0.0966491095758879, -0.07959173707482989, 0.046900436249778736,B
0.0, 1.7895007955625322, -1.2480754299077799, 0.4173604311823692, -0.08324746837877006, 0.5169143509401547, -0.5339516767724205, 0.06124027917806503, -0.07319692635850081, 0.4592465110901231, -0.5840821784883888, 0.24956731366895712, -0.13158721858848957, 0.29229487908278057, -0.35591702542002013, 0.21422970340969183, -0.11919545518383222, 0.20365305053991392, -0.24749579408287972, 0.12093675317648167,S
0.0, 1.4837822705104307, -0.9878849013562777, 0.8876451723112978, -0.5336961190569527, 0.45575169266698673, -0.657059393981695, 0.5784903270708055, -0.5968064166222341, 0.6001828417343499, -0.4776739336669055, 0.40251374198675055, -0.40522802622254184, 0.31081294571875256, -0.32679421371670947, 0.3395909793191722, -0.33894749284335934, 0.36690521083099414, -0.2426753661719381, 0.05621578349725622,B
0.0, 1.3144100008169752, -0.6742101984374199, 0.6572133654117961, -0.44703270044479504, 0.485763802982114, -0.634629997278108, 0.45054963887119065, -0.43595875400242934, 0.5349369171464643, -0.478600357645672, 0.2989805999346381, -0.34925737312937244, 0.36998276776513006, -0.2895190270168201, 0.26005545262746654, -0.22164309389656153, 0.21020466230650564, -0.17859957369109006, 0.05828839938588794,S
0.0, 0.7742978469605383, -0.24287533351715462, 0.5817461515411173, -0.3671705222861518, 0.32509718311894437, -0.7363616589152449, 0.45230010502214985, 0.009407535206518235, 0.09424357359363571, -0.1947892848376679, 0.13061941528042315, -0.26853197328235723, 0.02797344857834056, -0.06030268040712258, 0.120456148124789, -0.14007693473684849, 0.19132334311367372, -0.14890694731892273, 0.030180466097456535,B
0.0, 0.6617349082620892, -0.09055813757612537, 0.25816170999504073, -0.18156183875297477, 0.3274733903005822, -0.41784284250965853, 0.2547633136274584, -0.0673876220946595, 0.037148574621851824, -0.25385455290566694, 0.24268349120530697, -0.25352024051397265, 0.146092387552722, -0.044422578012867614, 0.06555418654715056, -0.16414580825965888, 0.07092213195285524, -0.07259168448715478, 0.047062877472525515,S
0.0, 2.2455319287232443, -2.1964797456491887, 1.2891099669259423, -0.10845324462530997, -0.3638157134250602, 0.05565526835149012, 0.10300052296193102, -0.34819560252382625, 0.4715067217062811, -0.2348412832962479, 0.11196080749329775, -0.13737407143052932, 0.2048170920314191, -0.31427805638488165, 0.27816258172733904, -0.18171444326930952, 0.12317785564440714, -0.08447201517672281, 0.04167869584987254,B
0.0, 1.7888111699600013, -1.2467572053620537, 0.4235437711061956, -0.0906146162953591, 0.5148949525405824, -0.5352090326682132, 0.07615870650686424, -0.09782597942231636, 0.4768599916774908, -0.5902721919355082, 0.2598878169710909, -0.14364885862491233, 0.2887701948494379, -0.34609473666238344, 0.21344603025333303, -0.12643438025894593, 0.20576897549442374, -0.2393831211566323, 0.11533734598042053,S
0.0, 1.445402184366793, -0.943728591127826, 0.8860278359093945, -0.5736681979920524, 0.5800467985825867, -0.6983668672980212, 0.4887213661395629, -0.4743048960300031, 0.47101838298420495, -0.4628476298590533, 0.4025921207947061, -0.41717856932605396, 0.3457531817173698, -0.29660537223371713, 0.3094549430399579, -0.2784523162147719, 0.28582418992880027, -0.20580773787352225, 0.048855289749227905,B
0.0, 1.3048312124673165, -0.7307026245334515, 0.6911997132382688, -0.47837378499707817, 0.589517277045959, -0.6191315424225656, 0.4601544492065379, -0.5108909275104062, 0.5249317537686307, -0.4911963768287605, 0.3670304971676941, -0.3602577018192813, 0.37949857456770436, -0.30989674637377196, 0.262015071735857, -0.26524706869284614, 0.21348274787146568, -0.1521128526577105, 0.05514459743740324,S
0.0, 0.8040050000810429, -0.25138127197113397, 0.5778559404481304, -0.4330910067891979, 0.44575249247131987, -0.7761594968822667, 0.4462455588253859, -0.0622582547012088, 0.19759479920735, -0.35466020399859227, 0.25388708692040624, -0.2963485813495995, 0.13129599154856153, -0.11582670997646498, 0.18245875629615532, -0.20989021977972466, 0.1689885298651558, -0.1268549841032083, 0.039008386210399454,B
0.0, 0.6635876317144067, -0.22438413250125624, 0.32989616027366647, -0.3248820866740352, 0.4622926203849821, -0.37557752043508524, 0.34539462147915817, -0.25484611247359595, 0.17491367003253774, -0.29954083463346326, 0.21481754833089556, -0.21234761589401457, 0.16581683099083905, -0.1290868295667266, 0.11095577902533173, -0.15485235889919977, 0.09952376253812459, -0.07976341175560388, 0.029217741796257322,S
0.0, 2.160673683734489, -1.7197622820032514, 0.3591190233148114, 0.6845485528842712, -0.46207082873079963, -0.2793145470149832, 0.11926690884054397, 0.12478922097628044, 0.11836671414839534, -0.3116713968489015, 0.30863635993198507, -0.1977141889425187, 0.25189801045463944, -0.49405323548221153, 0.48622812979908897, -0.2840604884459101, 0.12700026570469145, -0.055481434421640996, 0.025159187202996258,B
0.0, 1.7733669359513538, -1.2565068820746113, 0.37685406105380487, 0.10387093611367114, 0.3247268898691047, -0.5335450120985841, 0.2749995525682588, -0.328683244737214, 0.5375004634878934, -0.46504069771597645, 0.08284485419686792, -0.04383719038034938, 0.3210353919775046, -0.38139093089453835, 0.218526026978989, -0.1487190567134848, 0.23426447873001463, -0.29856374603207264, 0.15467587543729122,S
0.0, 1.4453263292912997, -0.9484447969057387, 0.8894932269823533, -0.5695896046850291, 0.570037994496768, -0.6829453471851683, 0.4785618417997168, -0.4709488173994123, 0.46461771893827286, -0.4534068205334742, 0.39482688003318, -0.41208919556846113, 0.3428411048042783, -0.29644614748496073, 0.3080567279307827, -0.27677516427381516, 0.2860274091108727, -0.20736545959215627, 0.04998279204708569,B
0.0, 1.3006323974236829, -0.7229736172547174, 0.6838133165689816, -0.47216651768235907, 0.5788276904268419, -0.6053035931394433, 0.44954181284348177, -0.4965352880729571, 0.5083948534545633, -0.4766416333817196, 0.353698121445981, -0.34806443249291036, 0.3614456494088839, -0.2931033815163022, 0.25230428046441494, -0.25725837184459927, 0.20574184974002085, -0.14175385202362642, 0.048788347239203805,S
0.0, 0.8035189818375572, -0.24301426711989413, 0.5819669416341509, -0.43713797034271273, 0.4474822136763357, -0.7866058811158061, 0.44346985336567496, -0.042817661881189295, 0.1897626672223328, -0.3508405492318774, 0.24697417497974547, -0.28899319572175364, 0.11778117522092003, -0.10492907429835756, 0.18026015941234486, -0.21349003932601818, 0.17091298998930765, -0.12936988589554818, 0.037461192482256954,B
0.0, 0.6371070744146778, -0.18498743316078234, 0.29577934005675294, -0.2918057136776754, 0.43159626877416307, -0.3392847656096972, 0.30624623045512755, -0.21353649611418002, 0.13266617472402664, -0.26574774381340593, 0.1854561672392826, -0.18666332998638568, 0.14180496225268277, -0.11021889683087893, 0.09154475213424866, -0.1381566059545603, 0.08595054453463459, -0.0672335104546032, 0.01962753248744906,S
0.0, 2.1584192337193637, -1.711170709359596, 0.3378513205662662, 0.7163670933590428, -0.49499146103996844, -0.2549964522583989, 0.10801509062854538, 0.13396088981463242, 0.10369122487187092, -0.2935751776518693, 0.2946751632974689, -0.1904022225760432, 0.24238043605444276, -0.48464677337436624, 0.48382486507587996, -0.2862558326686749, 0.12785830101590373, -0.05364297610425266, 0.023628945616235245,B
0.0, 1.7479877885329356, -1.2022540904925216, 0.3183378396012842, 0.14776524498354757, 0.2990032615173597, -0.500299490244302, 0.23325200368165117, -0.2940944818850139, 0.5117301633190451, -0.4412962484192133, 0.05134784896352312, -0.013027348043241967, 0.2963229018053723, -0.3597513058808832, 0.19654844855685522, -0.12355213952751448, 0.2109903548803045, -0.2823160704542129, 0.14835063756136938,S
0.0, 1.4430830143203475, -0.944519541359952, 0.8870701831721871, -0.5675907061962403, 0.5649843894697497, -0.677880086637211, 0.4793773096786649, -0.4720718776294904, 0.4616860891324839, -0.44899259866402086, 0.3898720361344845, -0.4104855662374711, 0.3438975646715047, -0.29413004316235747, 0.3049560880364133, -0.2759599157699783, 0.2851041660179609, -0.20546537918671376, 0.04870983578029459,B
0.0, 1.2982567480947693, -0.7255481993862545, 0.6867215232151004, -0.46509830219452336, 0.5684263520996885, -0.5935968587777576, 0.4422573609572912, -0.4930153785084884, 0.5046294888938171, -0.4709774499811068, 0.3478038176165311, -0.34506209482996797, 0.3577460178257045, -0.2920854756732016, 0.2557790642614091, -0.2596774360125749, 0.20460503060973628, -0.14063049448163326, 0.04831284095369899,S
0.0, 0.8086327253392117, -0.2455498974175566, 0.5947784159213402, -0.4490550542911011, 0.45652807605741436, -0.8019200717657518, 0.45048586991782663, -0.037664013223071204, 0.18775976477979014, -0.3521632916787176, 0.2478889039625475, -0.29315350558213193, 0.11715915503297053, -0.10616605046952031, 0.18368093101885533, -0.21622732515620785, 0.1739361267659484, -0.13144951618905829, 0.03647493916782159,B
0.0, 0.6357089663605563, -0.18596714631976718, 0.2982759642369678, -0.29473967795687855, 0.44255010157240543, -0.35316047535200057, 0.32334138308278015, -0.2371618402066087, 0.15212711948906704, -0.2819833998911048, 0.19819012239981984, -0.20486184600949534, 0.17032629621703002, -0.12907101014765684, 0.10138000845318924, -0.1490843175962492, 0.09255719444437885, -0.08469005894157221, 0.02736044900309795,S
0.0, 2.157847164459875, -1.7167030022788552, 0.34896592632327167, 0.7090125183319504, -0.4955327596138401, -0.2527568584845695, 0.11177344425070115, 0.13130463554479313, 0.09928397395575002, -0.28661373440919524, 0.29366862878028277, -0.19594746231457402, 0.24217980470559505, -0.48141179655067046, 0.48606720780646145, -0.29209890983187003, 0.1319937428795099, -0.053201601159052536, 0.022514369843380965,B
0.0, 1.7550726088679367, -1.219340655933858, 0.33273450890738476, 0.14386901080893388, 0.2935413824430006, -0.49325620678346294, 0.23216579287526085, -0.29574151095753193, 0.514337681434595, -0.44177333925125317, 0.05119872497297716, -0.01157642734674213, 0.29215138615026276, -0.3573726537672271, 0.1941472540646937, -0.12100727220484091, 0.21031664469632136, -0.28379191359831507, 0.14966998904276146,S
0.0, 1.4486246359065227, -0.9617115538474742, 0.9023107530452762, -0.5758758019190737, 0.572517662245463, -0.6820635399393817, 0.48454180134750097, -0.478624788571898, 0.46554460727487845, -0.4538137821840667, 0.39715818453954327, -0.41409944252661124, 0.3426222217342617, -0.29751408061621, 0.3118633731648794, -0.2824581457868737, 0.28913219255504136, -0.20546821629139955, 0.04801183680264819,B
0.0, 1.2997997928775156, -0.7268094151745929, 0.6889722655196072, -0.47247660815053355, 0.5649199010673759, -0.5808349214089865, 0.44046827365505187, -0.4854068142302209, 0.4967703336182857, -0.47040242824264883, 0.33844839737304466, -0.3338282603721585, 0.35180861674249425, -0.2864528647064373, 0.24531349189606175, -0.24890776814268595, 0.20347152817879838, -0.14410228599930539, 0.05003212958068155,S
0.0, 0.8216679154638434, -0.25374970538194835, 0.5976885999218777, -0.46781455932148375, 0.4839398148246055, -0.8256853333917649, 0.47167954420459957, -0.05151217803851115, 0.20429591167724184, -0.3655532028943154, 0.2599953971379955, -0.30204417824711144, 0.12054354239151804, -0.10567339619155929, 0.1808098491978861, -0.21556968625146664, 0.17312796278987982, -0.1315312389539403, 0.03755932271919719,B
0.0, 0.6449003854589473, -0.18971679923271573, 0.2970778596336864, -0.30183524363308134, 0.4459687272567249, -0.34903918388734323, 0.320977521921333, -0.22450812315139146, 0.13857059913273648, -0.26733213458974964, 0.18176427092253375, -0.18898195445731752, 0.1430802410644059, -0.10969401776820233, 0.08681185110488417, -0.14053386920304425, 0.08592617979250933, -0.06700746267487553, 0.01870946200918392,S
0.0, 2.1645777525811147, -1.726906019429153, 0.34715631369812894, 0.7253906812972417, -0.514337772387684, -0.24499922851628902, 0.11285153382149445, 0.13060028978132812, 0.09939512541166878, -0.29041202550753786, 0.3019821820267439, -0.1999193405520742, 0.23955077248617762, -0.4806767741198893, 0.48825152176706527, -0.2933954510248652, 0.13084764654470152, -0.05096506196307554, 0.02143030218142903,B
0.0, 1.7586406209948258, -1.2404906931578612, 0.36306940333961496, 0.12841428453561893, 0.28644643687775745, -0.47956469449480943, 0.23349285118772203, -0.3073537755926374, 0.5284899966145473, -0.45869892663803374, 0.07421404289327439, -0.03761375295789245, 0.30743659060790945, -0.36322741924447705, 0.20322937335910046, -0.13728243575999471, 0.21795120843065002, -0.2812747799711412, 0.14808626124752938,S
0.0, 1.4503577258299016, -0.9593880458538894, 0.9002842830761851, -0.5830414800610226, 0.5739388891206628, -0.6755325159120602, 0.4773624439620815, -0.46567507104042116, 0.45315416125212565, -0.4499822224476835, 0.3987864006066226, -0.4166382188300611, 0.3436561159069764, -0.2933511884317581, 0.307357937968522, -0.2740735721247843, 0.28099990853367185, -0.20167243605347987, 0.045244435647094614,B
0.0, 1.3041738740065487, -0.7259653520773597, 0.6786101380899726, -0.45758139120855496, 0.5495122484688368, -0.5624130246035535, 0.4089457665824948, -0.46039177763700195, 0.4746777479602001, -0.449348144825325, 0.3180803116806225, -0.3090671679471733, 0.32759050019399566, -0.2656217103186541, 0.2379910554390309, -0.2435714739071063, 0.19510489608087025, -0.14415646744509125, 0.05364184047349301,S
0.0, 0.8228020576332399, -0.2670851387849966, 0.5983764522398202, -0.4638874111867117, 0.4804801593544898, -0.8080375403968121, 0.4777476006766661, -0.06291864664393175, 0.18878968637826757, -0.3569071930617977, 0.2546328557703168, -0.2991972515739074, 0.12837640037179704, -0.10797448687556048, 0.17992053876841593, -0.21459685032462106, 0.1680071767037506, -0.1281394166134129, 0.03905678495120879,B
0.0, 0.6459073113402305, -0.19582560482528366, 0.31372676554687995, -0.31771414083469085, 0.46470018229934545, -0.3635868997639724, 0.3362557068294052, -0.2404635606411428, 0.14549998243946327, -0.2775601654131276, 0.19031788859848395, -0.1954186209759516, 0.14111135487152537, -0.10504545446553998, 0.08395467825648993, -0.13903276524450492, 0.08487221971847764, -0.06332238353930716, 0.016710970479881095,S
0.0, 2.1892392135799614, -1.7773190203854363, 0.3943234823920364, 0.7100717284521788, -0.5340070087539872, -0.23153823117813194, 0.11948631470946344, 0.1121778383303286, 0.11795330229343559, -0.31203075903173755, 0.33115180121849186, -0.21852438947779182, 0.2503815005907325, -0.4973459350834807, 0.5152226816049261, -0.3116886562240487, 0.13067453351621064, -0.04990145369168906, 0.02217586799958247,B
0.0, 1.774767913307862, -1.2692488136217235, 0.38137635030864503, 0.1263256804989391, 0.28102182221872135, -0.4782873999947472, 0.2350337916142444, -0.31403705664809795, 0.5264208719891641, -0.45232814806739585, 0.07343694624072047, -0.037272676859682184, 0.30877127886350486, -0.3656480106371022, 0.21102949428654086, -0.14615172392835013, 0.21867299837643464, -0.2737625124633432, 0.14324244477813441,S
0.0, 1.4335202569197525, -0.9307729836096061, 0.8471654820992665, -0.5335803553375561, 0.5643230725575307, -0.7135169227668794, 0.5277399621354679, -0.5593400008668304, 0.5525825268107992, -0.5097939196166423, 0.43816466992425607, -0.4170521056190731, 0.43071219280695927, -0.4326041675341711, 0.39618243836115224, -0.2929921240207335, 0.24299156041405504, -0.1941597513877055, 0.045384750770173114,B
0.0, 1.3391421138459019, -0.8303846198465333, 0.7372888896269553, -0.45626375521556123, 0.5903827676731338, -0.6977031786537775, 0.5718885655018792, -0.5390189797229763, 0.5204307172618762, -0.5401713721199709, 0.45710289000588605, -0.4288789176050775, 0.39173656924101663, -0.31376640555528046, 0.24458796258348517, -0.21118051706291752, 0.18774766314099023, -0.16882897164230817, 0.0631453624986513,S
0.0, 0.8088434366558676, -0.1938652524473166, 0.5739600138296533, -0.48151719818701005, 0.5016626886928637, -0.8157134874301879, 0.3854447635306766, -0.021894098459535292, 0.24885225235106528, -0.42239156384432663, 0.18012102672642072, -0.208534617536334, 0.08047042203898462, -0.005294893517100646, 0.1949633044318044, -0.19543506242956882, 0.031141242908943295, -0.0705891221655017, 0.049128750097340516,B
0.0, 0.8045138656386012, -0.228802120661755, 0.2747050213355387, -0.3636362648608743, 0.5199430811197067, -0.47126398967015826, 0.46453160028828416, -0.3237688848334548, 0.15662246484126396, -0.27037400277867224, 0.255996858270274, -0.2414215570845096, 0.1301779239314619, -0.09906085676778643, 0.08206689086438028, -0.14915064490616242, 0.14454450300366714, -0.1336645547478072, 0.03777584097449618,S
0.0, 2.152219398033147, -1.7034366061257558, 0.5276049454704203, 0.24626511643453936, -0.08264838596894618, -0.3566417537498444, 0.13107124229099573, -0.11175101676813956, 0.4619431308953451, -0.46655393518225385, 0.3040542210006998, -0.2208669735834355, 0.2261534508531258, -0.3701847411207183, 0.38087203252230317, -0.32614963646667583, 0.2846869416783024, -0.12878240092563797, 0.01570474070083201,B
0.0, 1.817353433943677, -1.3760409726708145, 0.5774023903245845, -0.0522845783469704, 0.27151872456305753, -0.3962925829999622, 0.2978440839837421, -0.46558388473185996, 0.5800872224417711, -0.4538045341627779, 0.22844676064389702, -0.21811647913620658, 0.2588328914535148, -0.20335165530475288, 0.1946545796830706, -0.27055219459203567, 0.28618566365072756, -0.20204480467033367, 0.07034011491627272,S
0.0, 1.4340506371046498, -0.9356146553515755, 0.8480863102240069, -0.527825542943922, 0.5528243408232107, -0.6968601870319497, 0.5175354443675346, -0.5521299842289173, 0.5416860743364849, -0.4958569161532395, 0.42362523329788465, -0.40627563959911717, 0.42243258748971424, -0.4277005021237021, 0.3920648967090605, -0.28865876103858246, 0.2379384706032815, -0.18933766132106986, 0.04376515032062233,B
0.0, 1.3298513074951523, -0.8235392472371876, 0.7314201548345771, -0.4409669051437418, 0.5757434487607855, -0.6788860013444381, 0.5567200812323456, -0.5255025233515656, 0.5006785045521135, -0.5237098902688301, 0.4445130338524636, -0.41759411594949064, 0.37871622969169, -0.30250112239311877, 0.23960868812669747, -0.20842834382109848, 0.18349394825094073, -0.16426124171531103, 0.0607476623298563,S
0.0, 0.8065260218222027, -0.1872141211213515, 0.578991094677074, -0.485421066672803, 0.5014196425982849, -0.8184217321021318, 0.3788150682955185, -0.0029720539567859227, 0.2392059222222579, -0.4173527146068569, 0.17420547895311472, -0.20246194788745278, 0.07055942912580311, 0.005207834267876821, 0.1909048887350247, -0.19202067364517503, 0.0220380349454086, -0.06036848102707844, 0.04305320038657911,B
0.0, 0.7858867239923467, -0.20115650037087393, 0.24332462486756368, -0.3334752272781938, 0.49495691541780196, -0.4372302338106018, 0.4243758249296742, -0.2838669702951648, 0.10903566610092887, -0.22652693517107003, 0.21775820000054683, -0.20474802859868296, 0.09817187862369538, -0.0734053303582453, 0.056742252717950165, -0.12734357651717085, 0.12407939976218915, -0.1183909490410132, 0.029063506551129818,S
0.0, 2.150990858540073, -1.6903624975976965, 0.50386550415796, 0.2633470821034873, -0.08660047706682485, -0.35967873858729904, 0.12473967779291753, -0.08880295955982503, 0.4313162135042261, -0.4349989410230643, 0.28152947213185864, -0.2114414055052353, 0.22263104178195334, -0.37106593772203217, 0.3796791824446222, -0.3174043790628465, 0.271211544251906, -0.11531977414035431, 0.0097254488011305,B
0.0, 1.795302388191711, -1.3257392031734998, 0.5136229352974617, 0.002550536880726289, 0.23306620888340138, -0.3509052052738816, 0.25415195981727867, -0.4285136129727208, 0.5478374007228006, -0.420425210524139, 0.1899740346307129, -0.18688080859727288, 0.22906547949119574, -0.17456033642159705, 0.1688645866356347, -0.24039545873274243, 0.2572009756078583, -0.17738062797326284, 0.058633461611103395,S
0.0, 1.4377148719778743, -0.9466077123150094, 0.8551622299204528, -0.5281187090111681, 0.5501008088923326, -0.6904120692547216, 0.5154358472416675, -0.5532902706083509, 0.5404143239961333, -0.4941340405641086, 0.42162231958200846, -0.4033915094237183, 0.4217149231233471, -0.43075140154334407, 0.39580552123549934, -0.292704533350535, 0.23878904157640188, -0.18727832041232131, 0.042631414864179554,B
0.0, 1.324339629155808, -0.8229642003366741, 0.7307964559440163, -0.43432269874642887, 0.5681501246546518, -0.6625168701822612, 0.5494343720688106, -0.5251874123933771, 0.4959709748648831, -0.5228960130685764, 0.4427357338753867, -0.41580798245515976, 0.3790816307451632, -0.303995300918347, 0.24352790020000192, -0.2114696714801017, 0.182882467274523, -0.16325551247107536, 0.06044472320562738,S
0.0, 0.8125925916657026, -0.1939046608308492, 0.5967848510288468, -0.5012270395351732, 0.5176716455340516, -0.8445919221716883, 0.3930544193415939, -0.005114035598496226, 0.24668619926608648, -0.430995251315649, 0.1833712411645752, -0.2098797556873583, 0.07369509082634615, 0.002127988058161826, 0.20160199545175042, -0.2018975652328545, 0.025537333533087243, -0.06578348002385256, 0.04458293828908585,B
0.0, 0.7831116464929336, -0.21351900926708844, 0.26122356430168814, -0.3533309543049731, 0.5217074639975988, -0.46923007859337235, 0.46520930518017833, -0.3207655094893991, 0.1436962487553421, -0.26139318573063897, 0.2525522477193467, -0.2422384363086779, 0.1292254781735598, -0.09872051701681758, 0.0803277237148905, -0.147318180744131, 0.13687190906076194, -0.13158257838017742, 0.037280985365868956,S
0.0, 2.1478638399109733, -1.6866872506282866, 0.5023506220607123, 0.2651837668396286, -0.08642073943955834, -0.36417380891557616, 0.13020366310283285, -0.08912766326652458, 0.4247360981453702, -0.42533016381575106, 0.2733481118011115, -0.2055786738908149, 0.21780390305030073, -0.3707955778390632, 0.3842519168592894, -0.3202552244562012, 0.2690408463119152, -0.11210504115549623, 0.00869125495534446,B
0.0, 1.7915261387893067, -1.3198687937481468, 0.5084423805640481, 0.009440385201978999, 0.22534115116239406, -0.34404642208497704, 0.2505117772983625, -0.4268710218064512, 0.5441230599233419, -0.4195684111523597, 0.19706367636719868, -0.19427191113774606, 0.22840050918352658, -0.1698343980231878, 0.16814810195740304, -0.24533277171630036, 0.26140022214379016, -0.1779401160445418, 0.05852679537778888,S
0.0, 1.4314819592247832, -0.9366432617818379, 0.8456022308984412, -0.5198338777518979, 0.5386975229672242, -0.6770416000240277, 0.5120495315371805, -0.5486021782100691, 0.5291926554696378, -0.4875856312649205, 0.41932640452242675, -0.4024312579345394, 0.4204461548939124, -0.4272578829669846, 0.3916238782286794, -0.2942849584145586, 0.2414727063725842, -0.1848123368034068, 0.04089570932739372,B
0.0, 1.352766249095144, -0.8385335581615094, 0.7299360533106998, -0.446967896774855, 0.5739499212390029, -0.677965988656348, 0.5631289406897955, -0.5352100438939777, 0.508555208358549, -0.5347112076968215, 0.44784310686795886, -0.42086567315380446, 0.3902467600695922, -0.3118632257678345, 0.2475426212792065, -0.20986616206752498, 0.1806901361192561, -0.16447579050790814, 0.06278174637766619,S
0.0, 0.8194881007708316, -0.1993503410300983, 0.5917257716972352, -0.5065536685402734, 0.5278546303183009, -0.8421953804866995, 0.3944253481261431, -0.009555490330768506, 0.25159752836754945, -0.4404722601756371, 0.18856451099633673, -0.20367289634078098, 0.06084053944862869, 0.008000022549898702, 0.20159104621621338, -0.20013625420417308, 0.018839963300773928, -0.058450832687155424, 0.039643387611074984,B
0.0, 0.7854481033256285, -0.21608748487910315, 0.2686487020310026, -0.3665043408369432, 0.5378016354228152, -0.4787986871699026, 0.47664865159612124, -0.32513654661205305, 0.14602811256070738, -0.26587181458482484, 0.2573532342417874, -0.24918332161011478, 0.13399937387434138, -0.10254221030861915, 0.08213685867471351, -0.1502450683587797, 0.1423593926060358, -0.13907190008107123, 0.04110292397005036,S
0.0, 2.1594204979627207, -1.705729790526401, 0.5134209496400824, 0.2641044614997761, -0.09622389985158387, -0.35228861649269483, 0.12532574811234704, -0.09166720993763272, 0.4329822240318448, -0.43263558557091936, 0.27988261035177414, -0.20936890063639735, 0.21353364884768203, -0.36526513764816504, 0.38336286790074536, -0.3243123752085101, 0.2753262764830711, -0.11225292573886787, 0.0061274268097210515,B
0.0, 1.7939032488628004, -1.3265177898219453, 0.5145620108565138, 0.0020398081321515125, 0.23398332383004916, -0.3494104756162351, 0.26248139980672247, -0.445069965155003, 0.5650760962968963, -0.4364458114096838, 0.20801328153314455, -0.20662963854310887, 0.24150369068667799, -0.18371021068902219, 0.18604416913184255, -0.2683425109336887, 0.28576036652084613, -0.19570527750756747, 0.06452866745111185,S
0.0, 1.4320142215158946, -0.9376531799058867, 0.8455857760463661, -0.5171715879168048, 0.5232915420073506, -0.6626486050393275, 0.5096827563467187, -0.5464060516792114, 0.5250515790795726, -0.4841247701463091, 0.4123866371248692, -0.39277971506328735, 0.4110921751556475, -0.42714374716723563, 0.38848923820832726, -0.289653580859826, 0.239586547151388, -0.17612248164379002, 0.035267522767620914,B
0.0, 1.3508318394403207, -0.8357007984232098, 0.7237395748465796, -0.4338475948056474, 0.5693057932425015, -0.6806456209297984, 0.5602818940370606, -0.5326228444476929, 0.5067043746338936, -0.5356923387358005, 0.4511589503494447, -0.4144013528059805, 0.3788372513452492, -0.3075860114244066, 0.24863668882839943, -0.21363459450280048, 0.18283106324735854, -0.16632678882283242, 0.06461158137500012,S
0.0, 0.8209518692159312, -0.18985485900477997, 0.5847717202565188, -0.5055782807816093, 0.508276059500995, -0.8383952376994848, 0.3884237362232259, 0.002109228736888223, 0.25373308770443426, -0.4278870397386313, 0.18893984230775385, -0.21799365436317997, 0.06860506559079385, -0.010119506299034058, 0.21846038217954358, -0.19879051055563088, 0.021397098837063602, -0.0665476819804904, 0.04448770040223828,B
0.0, 0.7819082766321782, -0.20791833887623123, 0.24920924681608903, -0.34848117886537006, 0.5251679977580758, -0.45434156670347753, 0.44603028692913943, -0.2864012337476253, 0.1074113607777729, -0.23050918912527166, 0.22408194617505997, -0.2248557808321117, 0.10351392404782182, -0.07824454184818178, 0.06578881187987605, -0.13363782890755335, 0.13339355351476154, -0.1365209870224513, 0.03649917264664163,S
0.0, 2.185773181078927, -1.762901513790515, 0.5374015597410438, 0.31316213922810754, -0.1717925408395327, -0.33038993003663614, 0.16267923456378752, -0.112638835221623, 0.4156436771248775, -0.4248976669983548, 0.31170931844225275, -0.24604827506313415, 0.22152766106817057, -0.37589925554660225, 0.40841015092828287, -0.3393077829608544, 0.26813752135568003, -0.09166573906862774, -0.0049613607594986495,B
0.0, 1.8106907807292192, -1.3635574492892744, 0.5514562345182507, -0.02397111419159637, 0.24649012216596766, -0.3604537651517062, 0.27770939969013814, -0.45942925233809295, 0.5727708448875476, -0.4359560648187778, 0.20577780246606883, -0.2078410360725104, 0.24775187124918033, -0.19102571385108721, 0.19206401230984144, -0.26813565691812274, 0.279529194238162, -0.18735655399061504, 0.05957671221401246,S
0.0, 1.433086079527849, -0.9000432001480789, 0.7610375230478995, -0.47458089017619387, 0.49013047782268043, -0.6109699825260675, 0.5024588148581599, -0.49699217393874057, 0.45658410210682, -0.4785732810333321, 0.4196951698391118, -0.41395688148106785, 0.41481346217792914, -0.39540973211253233, 0.35654481262548937, -0.28149929644750493, 0.2576236669027568, -0.18324595846647576, 0.03390086703871677,B
0.0, 1.330102623756735, -0.7375624348842506, 0.6192400239240891, -0.36749078541052566, 0.4793601864760141, -0.5934582650136673, 0.4007471217629267, -0.4168019464397486, 0.4758036203821263, -0.4563357639735813, 0.36577189377913627, -0.35107320064789155, 0.3026489787086359, -0.24994803084084827, 0.1899399669855076, -0.1629469092939748, 0.18495580118361044, -0.1635816799914126, 0.059638130507533256,S
0.0, 0.8761673767491198, -0.23433924674113302, 0.5539075442574655, -0.44499994229772305, 0.49508341595605004, -0.8889507358398164, 0.4659058488216964, -0.10996401309456186, 0.2892907295220085, -0.38093280957724124, 0.34514901867702635, -0.4445241122394394, 0.21350756778538615, -0.134274625825764, 0.274096544578621, -0.2966891431890555, 0.18839223116467047, -0.15320574458342176, 0.07576025729052904,B
0.0, 0.7989848712328571, -0.14211921384897747, 0.11275299266856592, -0.2446188821204945, 0.4758279022126588, -0.37729033294257447, 0.21008707136848703, -0.13781752621883234, 0.10212160238974119, -0.23941155573477063, 0.2670853144597391, -0.27734065299048344, 0.12239373555302409, -0.07377570337567167, 0.14597015707530028, -0.18177306028315207, 0.12562973842687264, -0.13521709313972535, 0.039814132665800826,S
0.0, 2.1729121204511643, -1.9613565648112463, 0.969366808161925, 0.018307064552623174, -0.116763829359126, -0.30064360991567757, 0.30358486857269107, -0.37537972975565953, 0.43135901720410785, -0.3838508850367103, 0.4222157200931705, -0.4453079957136928, 0.4327827422406567, -0.35325531590656506, 0.22873237693778348, -0.19431935849548768, 0.2396347316679935, -0.23280362703460591, 0.10188577585552859,B
0.0, 1.6703474448373796, -1.084453356196622, 0.49469369080495884, -0.28188418357495615, 0.5636057529846237, -0.5559377626135575, 0.27655062423305216, -0.3012225895752598, 0.38240286907850013, -0.39514666959173067, 0.25488854857436805, -0.2530183560118478, 0.34915336432570954, -0.3148906561023999, 0.210989671327817, -0.1338081289753423, 0.11845343749647896, -0.1766455024976623, 0.11855762262848457,S
0.0, 1.4316178900679297, -0.9045361442839858, 0.7662979745127871, -0.4684382419693759, 0.47725905904940563, -0.5977504806472869, 0.4948902745372364, -0.4946307931014528, 0.45078474586357964, -0.4683771653948708, 0.41390970655805837, -0.41301065315722096, 0.4119391691642027, -0.3962619850813865, 0.36063847961017925, -0.2842670892217008, 0.25852150930009565, -0.18105646702100142, 0.03185940528533766,B
0.0, 1.3205714604943188, -0.7234548940956418, 0.6073559061137713, -0.3534214444732585, 0.46554837700897106, -0.5765567224093588, 0.3818587001973463, -0.3972788131013502, 0.4566499117708859, -0.443448578720533, 0.3526622029963098, -0.33474393480182796, 0.28668600582602966, -0.2367913863892009, 0.1813354736547078, -0.15257371867091843, 0.17428916224426938, -0.1584723590815784, 0.05832763105485617,S
0.0, 0.8751123796252502, -0.2203208462492655, 0.5498376929507706, -0.44165275781594754, 0.4929637171296229, -0.8999130763441979, 0.4622716761621764, -0.0846391186151197, 0.2725907952023411, -0.36958198200108716, 0.33622683118656793, -0.4384885274161837, 0.20220645021461736, -0.12324456627715495, 0.272910627258402, -0.29787187156270745, 0.18474984837617192, -0.1548156830410469, 0.07577617977990043,B
0.0, 0.780510870097265, -0.11112177519305451, 0.08019814542930474, -0.21689675640680248, 0.45697195722302564, -0.35442589553267634, 0.18650354981332626, -0.11107747165279272, 0.07591628050254634, -0.2161686855989602, 0.244069259449843, -0.2513592890446242, 0.0934983671383991, -0.04981472058865721, 0.12971952289962227, -0.16574841864060985, 0.10967088482341393, -0.12140308048268003, 0.030953396261481792,S
0.0, 2.155381606848201, -1.9219753360245595, 0.9244778255859791, 0.057933652666676695, -0.14391126413443558, -0.28133249143151323, 0.28670599897685556, -0.3622667573560277, 0.4200059044900708, -0.37172507104836494, 0.4086597100831913, -0.4304014212958463, 0.41533328600704256, -0.33854112673566067, 0.21988821933917238, -0.19037479918536815, 0.2369435118864143, -0.227470001057631, 0.09851028844939123,B
0.0, 1.6345768150828177, -1.0083513973890041, 0.4184593211177839, -0.21712356878172576, 0.5095911397764887, -0.5033315422070367, 0.21831640989397827, -0.24485083850065872, 0.32904881544932296, -0.34224640045049926, 0.2123700939959926, -0.22826909718963495, 0.32760083006903923, -0.29076476382104927, 0.18916380685229686, -0.11637808588246894, 0.10332479296341268, -0.16147660852832807, 0.11119135549088888,S
0.0, 1.4339400344328177, -0.9157318582108941, 0.7822250172459386, -0.4774831063504994, 0.4774408591963868, -0.5971680272873598, 0.49913432574093564, -0.5026282045718664, 0.4569441472679952, -0.4721497579188431, 0.4234341733054873, -0.42312131290248994, 0.4125633787899433, -0.3963176738600406, 0.36488150948972553, -0.2940621214340146, 0.2684935990704621, -0.18301770359607766, 0.03092227848996525,B
0.0, 1.3173750434390088, -0.7260580670291121, 0.61317283852239, -0.3530476243138433, 0.45993219007174985, -0.5667329349973547, 0.3773227973322797, -0.39515568732139095, 0.4517410685426402, -0.4400648337927545, 0.35008516232212267, -0.32974752604329316, 0.2783331919113602, -0.22946099796441313, 0.1764110609116381, -0.1516987517627957, 0.17121776432595814, -0.15059984115922534, 0.05426071497360514,S
0.0, 0.8857734471402324, -0.22821744350082032, 0.5675596291881839, -0.4583713246902864, 0.507625992022432, -0.9298344124641268, 0.48015644172109767, -0.0905480131026026, 0.2847114933261568, -0.38582084613474243, 0.3505070188886548, -0.4498050478779061, 0.2073287409811862, -0.12868435245494525, 0.2844446946355614, -0.3094063444201381, 0.19218441058857316, -0.16107615752254414, 0.07822928965404705,B
0.0, 0.7763714946300594, -0.10738051144369927, 0.07122070740804057, -0.20278101850922048, 0.4514553699774761, -0.348039904410303, 0.17410620584873732, -0.09748275341752945, 0.06443038069188209, -0.21295084880274903, 0.2447426979680132, -0.25410776419950193, 0.09293155865699858, -0.04815170436322587, 0.13159979039393008, -0.16892337713139, 0.10981786951498829, -0.11903782897496874, 0.0269600645111962,S
0.0, 2.1522872451299753, -1.9194855314294887, 0.9259014249334279, 0.0622687551489346, -0.16063960363241295, -0.26608993714031237, 0.2878986308508839, -0.36947660994212495, 0.41883710456975015, -0.363307601710405, 0.40517321943729384, -0.4350828165955211, 0.4141747141112607, -0.33044141501865254, 0.21671726762446736, -0.19328542080664946, 0.24005583329032437, -0.22911345512537082, 0.09914627395977711,B
0.0, 1.6352847168668743, -1.014465386124168, 0.42810116332381, -0.22749700714082075, 0.5140547486499832, -0.49877260235897997, 0.2201225763894167, -0.25215604205569186, 0.33656299848778043, -0.3529872483121973, 0.2220065888617429, -0.2310191914540268, 0.31993276620536554, -0.281387250850579, 0.1883491720415327, -0.12044756265326792, 0.10375445702606083, -0.15896734666834691, 0.10951377645347224,S
0.0, 1.4317375227848155, -0.9119332919560358, 0.7774727232523841, -0.4755058854939989, 0.47561619581347314, -0.5922276097611234, 0.497238529749874, -0.4996619206377428, 0.4515634903860318, -0.4676664196167104, 0.4214991897017473, -0.42339585900374466, 0.4095422715579876, -0.390983543437235, 0.35998913105331914, -0.2896764849878642, 0.26410485640395326, -0.17754808975849765, 0.0279354281602037,B
0.0, 1.3273265505561098, -0.7522234133268447, 0.6482374608832197, -0.3853971441869287, 0.4903780127799848, -0.597087825636253, 0.40799390561027266, -0.4236811018579006, 0.4773035152354045, -0.4627178427167127, 0.37349835472730175, -0.35843963411790414, 0.309690775230273, -0.2584420226677203, 0.20016268431846512, -0.17426742773100476, 0.19036109973732865, -0.16489948607217772, 0.06120823595432165,S
0.0, 0.8887067071290518, -0.22109357395981474, 0.5672256633647221, -0.4542929594035053, 0.4877008991846856, -0.9266541209674527, 0.4684868879643798, -0.06913788687278213, 0.28627054956807296, -0.3705410554317675, 0.33884268053374483, -0.4582713593227284, 0.2052974525167035, -0.13682243923208773, 0.2956412253268839, -0.30799919947898885, 0.19486012096701655, -0.16807823509740308, 0.07930392324137156,B
0.0, 0.7649384612359943, -0.10866816211701395, 0.07616736832736051, -0.20817951080201455, 0.4596624567169124, -0.35134580769139984, 0.18542916134265638, -0.11383795960902747, 0.06944925164792891, -0.20593252788989666, 0.235211760087497, -0.24563860809319144, 0.08421148668894271, -0.04552643305973846, 0.130916886923438, -0.16742519970217642, 0.10569277339200145, -0.11547254203760292, 0.029460123879977627,S
0.0, 2.161983872801166, -1.9420820396568044, 0.9485188674738243, 0.0537821893164215, -0.16867516887773248, -0.2578247648033667, 0.2943048327159576, -0.38013440528211595, 0.4210000939708807, -0.3633749511733718, 0.4187775538726453, -0.45673513203669086, 0.4259696343886037, -0.3330682369924727, 0.21742971032241148, -0.19409760592901237, 0.23922540063581374, -0.22357286940388918, 0.09534187532934432,B
0.0, 1.6330277765812342, -1.011690553881304, 0.42130448084500893, -0.22583935840403851, 0.5200430769250736, -0.4937953743436953, 0.21863501687375433, -0.24454937170372842, 0.33375911509610157, -0.3687203723586001, 0.23206572878643383, -0.2388301323866915, 0.3262364411716234, -0.29563218298096244, 0.2136432327783052, -0.1307706570877388, 0.10591683339884041, -0.15995491010134036, 0.10827193085079957,S
0.0, 1.435857300025934, -0.9231325633185549, 0.7845507704994833, -0.4844108486009444, 0.48914272887027077, -0.5955739522556254, 0.5001491472682218, -0.5149022823821215, 0.4644145174998365, -0.4786364739466599, 0.42693292235709, -0.4181845204472975, 0.4120477893050884, -0.3993886922318395, 0.3683286687287929, -0.3004556963728648, 0.26279428180585235, -0.16934496593137657, 0.02519756435741563,B
0.0, 1.3226246257480243, -0.7500625983898631, 0.652496868310487, -0.38486411630739226, 0.4799381653161217, -0.5792651676607361, 0.395234341504953, -0.4200781739744771, 0.4713422653392707, -0.4611818222579393, 0.37609275545683823, -0.35888270124100535, 0.3090349646860672, -0.2508391542154818, 0.1935871213881439, -0.1748121155383279, 0.19027209511872573, -0.16530512570941353, 0.062303734273463834,S
0.0, 0.8901336499302486, -0.2174618719536915, 0.566451165137664, -0.46024118198441955, 0.48734658984474, -0.9400739632761742, 0.4673525077806714, -0.06506203578255872, 0.2977425206888525, -0.3625581545147501, 0.33034563380797166, -0.45770335528994327, 0.19498317716704575, -0.12146092379602928, 0.28323713924940597, -0.30334675596474947, 0.19779975486707524, -0.1734332815477064, 0.07527076564768857,B
0.0, 0.7639095300841404, -0.10315349953271968, 0.0677845701698303, -0.2023864322916611, 0.4648719051362455, -0.35730746371210625, 0.18065334026004926, -0.1009747000588993, 0.0632299020112311, -0.21728206451172455, 0.24778890655382463, -0.2501883505522876, 0.08199438414183927, -0.04221968360478292, 0.13148879578539527, -0.1719173210725027, 0.11308498829246731, -0.12485603255963178, 0.03207981558104562,S
0.0, 2.137051520123367, -1.8867444375789493, 0.8964125603802748, 0.07246779173866984, -0.14920798606786362, -0.30237205401802303, 0.3386507014762041, -0.3810419303359854, 0.3567271776088091, -0.2657289543999349, 0.33679909343358067, -0.42160141549363656, 0.4226117396457035, -0.335833596939415, 0.22485901551697587, -0.20704817841619808, 0.25373598550110765, -0.2312229635059703, 0.09559704729690409,B
0.0, 1.6376704268814488, -1.0214463493695574, 0.4341805800809652, -0.2379488738636811, 0.5245577394710205, -0.4906060230222887, 0.215462396623921, -0.24456619219329795, 0.33578735144164834, -0.36899666058839387, 0.2315540659665396, -0.2330799130649351, 0.3158950839839861, -0.29563196715836937, 0.21740331205605637, -0.1327678942287593, 0.10340663392434125, -0.15573241169276095, 0.10855738260293443,S
0.0, 1.552820052562466, -1.0785392710998711, 0.9736760113585741, -0.7693138066210357, 0.6979661066493511, -0.7838466545380236, 0.6500319611951829, -0.6403811140479568, 0.6411234342509985, -0.6288005057860223, 0.6076600355935984, -0.5627190529585016, 0.465304319193459, -0.43068679489125017, 0.38513257781714144, -0.30545088186159985, 0.2860363395421349, -0.2399884942887725, 0.0783609470300121,B
0.0, 1.411820043011069, -0.7186159492188693, 0.644378183866928, -0.5432736389484922, 0.6043628768305607, -0.7633619475977071, 0.53360371754371, -0.4728282303142647, 0.528046529341029, -0.47556374648571104, 0.40325793364157425, -0.38068686922046585, 0.35485878261027215, -0.3037207645322699, 0.2160315570336155, -0.1840376876794531, 0.19488200601205896, -0.1475946817835219, 0.038993377213735074,S
0.0, 0.8957159104909879, -0.3026636211017299, 0.5562825433644013, -0.483126267589436, 0.5821653322492705, -0.8926526155894874, 0.49878130399258946, -0.04499391856009934, 0.22389067541351473, -0.4153493101923849, 0.24127738727816572, -0.3303373486074482, 0.15940975804222618, -0.0495278154166103, 0.26192578260544275, -0.24391376706047238, 0.10130552935716208, -0.14478566687044717, 0.06446781937764928,B
0.0, 0.8847634353002441, -0.3525985311740126, 0.3808413100715316, -0.40270394751469407, 0.570933357518006, -0.5670603361476725, 0.5128037415592934, -0.37381070496090346, 0.20095003094178787, -0.36493630180146963, 0.3639464539819087, -0.3044303517745085, 0.20044102537015493, -0.16203122909732132, 0.13310172802458328, -0.1692539791156106, 0.12463417549670468, -0.11633707911536667, 0.02432700300494479,S
0.0, 2.353317267408686, -2.446641591063289, 1.4678089599309068, -0.08366813411634384, -0.5339289128533912, 0.24836955040489933, -0.022948521461599116, -0.2552330140032439, 0.4604880757890526, -0.39684941060199275, 0.38433593238053493, -0.3876373188223129, 0.4161126179588181, -0.5233624332367018, 0.442115783653904, -0.3005271487172538, 0.19112355417190074, -0.062314699165419166, 0.005110919320975873,B
0.0, 1.6262688310192692, -1.0795583647827658, 0.5713567931435706, -0.3801308111479643, 0.5927262611241735, -0.5092178488692802, 0.2933961304979549, -0.40097489861727925, 0.4813266772038076, -0.48969111957958006, 0.33760671208148235, -0.3462362508574294, 0.36830573097109787, -0.2891133411025641, 0.23296221227814157, -0.1561024115176055, 0.16015343677657368, -0.19314317323516003, 0.09547152495595776,S
0.0, 1.5512837960135988, -1.0757989778124144, 0.9735956034588263, -0.7681779824296402, 0.6937824195150266, -0.7780416913321415, 0.6443757289572225, -0.6365641195439077, 0.6372703017181967, -0.6244334492804172, 0.602416852558561, -0.5568481911502092, 0.46101037769521624, -0.42637736668316145, 0.3837569314109968, -0.305384624071866, 0.28345123230037644, -0.2360556981226766, 0.07595420010264388,B
0.0, 1.4106227459790102, -0.7184504515994975, 0.6402415343205502, -0.5346297836726643, 0.5914219595861135, -0.7460702286249213, 0.5198717666677052, -0.45909138016928497, 0.5123655751993181, -0.46017146002906567, 0.391515523134379, -0.37186539117750944, 0.3464661204867584, -0.2947915896711287, 0.2078796963912883, -0.18062576820282908, 0.189757127982551, -0.143408455713621, 0.03880405827010824,S
0.0, 0.8921863334606238, -0.2908588835791669, 0.5506267574096859, -0.47813948239237974, 0.579313524298931, -0.8962322296589031, 0.4890319916888544, -0.02066863234185665, 0.20844721346036535, -0.4095211617753511, 0.2305643762740281, -0.3221631249423054, 0.14861797166514276, -0.03814192339373571, 0.26129254191178397, -0.24217966655703696, 0.09456198605646078, -0.14091108088632293, 0.06037899801935433,B
0.0, 0.8720406949423354, -0.3233888676809682, 0.35183771392149515, -0.37240730798566746, 0.5390432163883737, -0.5317364838484558, 0.48321232350982024, -0.3400926983598656, 0.1598531511068885, -0.332276718640487, 0.3360690532332113, -0.2682410107953704, 0.16615215960559793, -0.13667103658157434, 0.11094104821261563, -0.15169589475544207, 0.10606827469862265, -0.10116597734729653, 0.015712693473069406,S
0.0, 2.3522882646392946, -2.4371100586838725, 1.4397425438859064, -0.037143791128706256, -0.5832835563621563, 0.2730805949016717, -0.019707814116729637, -0.26454661923381956, 0.46098068619427196, -0.381450269453072, 0.36718553430973544, -0.3707223621049425, 0.39079124237746404, -0.505628244585654, 0.43542908595868096, -0.2987359215113986, 0.18717252235443893, -0.05364122151708563, 7.817624620171827E-4,B
0.0, 1.6056975340863116, -1.0374297203724332, 0.5292822114453976, -0.3474621697813698, 0.5714158798683703, -0.48691559080073943, 0.266746237379863, -0.3778006302775033, 0.46158176796517775, -0.4697337605137501, 0.31581746798958343, -0.3268776189775343, 0.3512682875314735, -0.27342088905841727, 0.22035575963132814, -0.14580559104654472, 0.15191543354925743, -0.18683467029428885, 0.09269096410886173,S
0.0, 1.5581319481041846, -1.0882107431519523, 0.9842813929259475, -0.7772697675423704, 0.6961091788223012, -0.7791622125874418, 0.6501945299233813, -0.6441428061301604, 0.6457389639364494, -0.628316781440856, 0.6063277311325888, -0.5628501293437626, 0.4627975431299532, -0.4313537333959244, 0.38772897266457546, -0.30395586774280453, 0.2838651499330598, -0.23558556625378319, 0.0743383331041735,B
0.0, 1.410014971285942, -0.7193480102453861, 0.6421942655923679, -0.5331771010314739, 0.5848906123602617, -0.736645884342518, 0.5130476061260105, -0.4542542694809713, 0.5041100595517626, -0.4521154716253836, 0.3871462834354186, -0.3679462303219028, 0.3416779608791322, -0.2884134397349319, 0.2033554914163493, -0.18123958986466565, 0.1885831000703986, -0.14114670220251382, 0.03856923978176807,S
0.0, 0.8926872599493888, -0.29226396681898875, 0.5571899228749838, -0.4841823954585474, 0.5872002097798371, -0.9082244848630576, 0.49441392547384366, -0.020792135110833724, 0.2104486562642579, -0.41511243967865596, 0.23520640710946525, -0.3279937181490539, 0.15048737669151813, -0.04024906770047171, 0.26817259415467376, -0.24809645279324066, 0.10012696759859326, -0.1467732783532212, 0.06324265007798774,B
0.0, 0.8649835468950617, -0.3044790038554457, 0.3353953454906772, -0.36124557696871906, 0.5253473150862263, -0.5023779850090023, 0.4441679337670138, -0.29831516748719344, 0.11930443490849087, -0.29371191978631983, 0.30228113109944715, -0.24254078903738735, 0.14878190267605634, -0.11979993289989348, 0.10063590289203747, -0.14654219581288952, 0.09917250471926325, -0.09710222115981831, 0.01343810962458563,S
0.0, 2.3656661241240733, -2.466806455577446, 1.4638510211146498, -0.04005429922449652, -0.6047698186784312, 0.29944410371271085, -0.031120468385403697, -0.25793334556110686, 0.4510069880172006, -0.36855280954775094, 0.36362268061910136, -0.3818408395972398, 0.40028225281408275, -0.5099876121707676, 0.43316662095515307, -0.2896460617509575, 0.17850780969660576, -0.04466107084769986, -0.004483495485539993,B
0.0, 1.611853254668699, -1.0445673423247335, 0.5199015276529145, -0.3380418009835579, 0.5602635663385007, -0.47155472867335657, 0.2561510551441484, -0.35614827017348294, 0.44529039157038935, -0.4606002917553138, 0.30317528147440137, -0.31224982377719773, 0.334243098548328, -0.26419523866528344, 0.21836089509559534, -0.14605321108619607, 0.14733216875292973, -0.17740120067329856, 0.089353937705799,S
0.0, 1.5576409242262892, -1.0861066303061675, 0.9819368369612347, -0.7768413635822685, 0.6941569339728391, -0.7765339319583804, 0.6499480398551524, -0.6444349877295135, 0.6454526421732524, -0.62667128838587, 0.604829099719661, -0.5621392241711607, 0.4637167879114463, -0.4334369710115745, 0.38738100375547707, -0.30316351764259447, 0.2843360531401766, -0.23614177805278389, 0.0747399620121806,B
0.0, 1.408093699064353, -0.7245693089303185, 0.6506148994098838, -0.5368764826312616, 0.5868347051655902, -0.7339017055281484, 0.5142974974234423, -0.4583469598012703, 0.5028981158306968, -0.45313903301240444, 0.39222406987242187, -0.37103036909549486, 0.3421984988071593, -0.2891785580176949, 0.20616564206096713, -0.18523092407787906, 0.19132025514050852, -0.14572210894572732, 0.04195943514204569,S
0.0, 0.9077558995210339, -0.3065208146099519, 0.5639287349006784, -0.5061943914866432, 0.6201440469829876, -0.9446575785956425, 0.5296249637546401, -0.04994633053508897, 0.24630306821791162, -0.4414250472155984, 0.2713825950698611, -0.365429755045387, 0.16204947522502752, -0.052368691526727316, 0.28594194226129227, -0.265848000655051, 0.11843926995301246, -0.15196030376312075, 0.05990089816418534,B
0.0, 0.8576027517715132, -0.30499469205519425, 0.33640316364123984, -0.35232946951211636, 0.5254538167758055, -0.5092561041609941, 0.4504259487118666, -0.30908691746008987, 0.12733815554436895, -0.2993966067880373, 0.3082941096891224, -0.2497984087994296, 0.15467622399185685, -0.12357438631653922, 0.10518560470389747, -0.15260805353506296, 0.1044195247152171, -0.10059100980729342, 0.01584966555447116,S
0.0, 2.351001909953049, -2.418854239804065, 1.4152473326661272, -0.04319194270706094, -0.5192298574534924, 0.15060903733869696, 0.10182174384554264, -0.3334521717323274, 0.46734065935631225, -0.33748140819731387, 0.31909672210676404, -0.3359505452111324, 0.35654174730741256, -0.4845601232516491, 0.4360580981068946, -0.3188187852917663, 0.2171639751317995, -0.0717316332183414, 0.0037505875199581326,B
0.0, 1.6152514047029405, -1.0506658580899415, 0.5249408512037802, -0.3416502657565304, 0.5636489129995403, -0.4780770924498482, 0.2652486816969056, -0.36448191601513363, 0.45216923893479377, -0.46734023982412704, 0.3098856404756523, -0.3164623859151122, 0.33666572554315355, -0.268346199406048, 0.22336998511116102, -0.14783526408381686, 0.14539812381156336, -0.1746548629216227, 0.08815660964978221,S
0.0, 1.5661208167941465, -1.1040847572313817, 0.9988203419325759, -0.785174330930354, 0.6823738490170984, -0.7603787836885922, 0.6463040021953937, -0.6447672347459206, 0.6431710631162711, -0.6235998584421422, 0.6027144213341147, -0.5518169395130718, 0.4479699049044547, -0.41573337080715256, 0.36959073514092045, -0.2822977947622053, 0.2643076116551745, -0.22412949353405973, 0.06866227546970562,B
0.0, 1.411275137395031, -0.7370252014871946, 0.675149206073781, -0.5671869523021674, 0.6161705782289355, -0.7679485634931567, 0.5606568284579055, -0.5121973326161149, 0.5530472795447198, -0.5004742798090133, 0.4390381198881566, -0.4150971984283014, 0.38464588922474524, -0.32511396247176033, 0.23211109656895149, -0.20498623325908855, 0.20373431385245674, -0.15438407549015012, 0.04666888665926643,S
0.0, 0.9050005492098, -0.29179882064508705, 0.5519366053727868, -0.48752514854859064, 0.592304305856458, -0.9229594889466941, 0.49128080339466174, -0.01098272770135068, 0.21723791539259948, -0.4118737154572663, 0.24530705124098914, -0.3374900192136387, 0.13467922347948386, -0.02535223422458071, 0.2638850825143112, -0.24505765823457917, 0.10295038377568312, -0.14225064745451962, 0.05621703810148737,B
0.0, 0.84746819102622, -0.29685091866952135, 0.33540624867954727, -0.3618527228330716, 0.5374560898519664, -0.5096050226721376, 0.4530787952044324, -0.3091111709108195, 0.12355435619582544, -0.29465786290843443, 0.30042991319318013, -0.24542056365580991, 0.1468614775394686, -0.11684065368823986, 0.10424744313242161, -0.154708236196942, 0.11108806141509164, -0.10791629280237658, 0.01770783654380179,S
0.0, 2.3467484148968984, -2.4182140938270953, 1.4264178205423153, -0.057820330868335136, -0.5119937516462129, 0.148743885763035, 0.11023011626892538, -0.3452115292479309, 0.4744198075227466, -0.3394539239204007, 0.3138567411486505, -0.3229217017062025, 0.33121999604258257, -0.45714562260221814, 0.42198034379340515, -0.31610659419226345, 0.2150139752393912, -0.06497478368798279, -8.992675309571816E-4,B
0.0, 1.615517087930418, -1.046631626288683, 0.5151584848306546, -0.32734638984822, 0.5377745986634134, -0.43981405777255006, 0.2298905947308103, -0.33566375153659034, 0.4246571720777401, -0.4435257488749705, 0.2942783323067748, -0.30537645633866906, 0.31604584619939663, -0.242145047587967, 0.1991399869976521, -0.12762231172858116, 0.12938131574506445, -0.16384023368739573, 0.08367324021404869,S