0.0, 1.4392220886284035, -0.9174107795040661, 0.8751446136884703, -0.616469237330992, 0.6067526476205418, -0.7790924469284389, 0.6372338574754534, -0.5941295669936747, 0.6099701904106755, -0.5872101966848469, 0.477149146143713, -0.48001060395077894, 0.45496844621652666, -0.41476486069074964, 0.31732423203384325, -0.20285630269503127, 0.2319086275537672, -0.17499757240432018, 0.0379523076356975,B
0.0, 1.5802082417264136, -1.2702614323949861, 1.2526524381145234, -0.939679753130582, 0.7922360293575695, -0.8013294880902623, 0.9021991015235089, -0.9795326409211863, 0.8723060153084847, -0.843866870967465, 0.6971528765867206, -0.6670769549732793, 0.6155994460612944, -0.5915996203847146, 0.5290899480065765, -0.3428162393894175, 0.30689055565466555, -0.19685167716303972, 0.03170640330924993,S
0.0, 0.9357354863360704, -0.5598323308366374, 0.7202420226165226, -0.459728275272955, 0.5257225960648377, -0.36241037631429485, 0.42789747300801667, -0.47261311655606836, 0.06313418910875726, -0.24915112620368585, 0.17263277550911246, -0.12840429298325615, 0.2204548772616247, -0.18203992537887007, 0.2832856226673747, -0.24789902483524245, 0.16809189630022117, -0.21747552805470863, 0.0835043199043393,B
0.0, 0.785257753418938, -0.4720624134228846, 0.5384757655379354, -0.20765149359772872, 0.36491788190022595, -0.17758080856453606, 0.42986208453542485, -0.4732853142482538, 0.0322892233947114, -0.3244892776499507, 0.14731359206989056, -0.20992299485385327, 0.23971248169588685, -0.15093797990634536, 0.32646468655711497, -0.18923840094709268, 0.13961385455255837, -0.1837560545222391, 0.05697958893290849,S
0.0, 2.005686967468016, -1.5995129130467407, 0.7064970504825709, -0.2680463123252312, 0.6657299100381429, -0.9204482798677488, 0.9208615556233352, -1.0429478637384437, 0.7398428189169051, -0.38791308590600726, 0.09858841677646438, -0.1371597109051015, 0.2663481707172919, -0.2859733496676437, 0.40634019345908406, -0.23219605540136576, -0.036211399935056766, 0.12341593500401692, -0.07159479769833241,B
0.0, 1.6679139180394773, -0.9050740984124095, 0.044648697878583166, 0.149349315654304, 0.4786248674729666, -0.548224608083454, 0.35628799922928706, -0.4702796502964795, 0.3123782064216223, -0.2530444861705469, 0.18234077340469038, -0.2023537044354693, 0.08152022059583285, 0.04972999119124038, 0.18686980587158836, -0.2881022935164411, 0.17305029651612297, -0.0836877701857548, 0.031112309557775882,S
0.0, 1.4626162673147358, -0.9556939261482919, 0.8998956337715919, -0.6243304997846137, 0.5986986365425357, -0.7704539879016062, 0.6414838557542218, -0.5981722116424512, 0.5989906825006448, -0.5817583502005204, 0.4813670524337268, -0.4770659001493664, 0.45197171322008173, -0.41593360907626825, 0.3208952084885099, -0.20382234323072418, 0.23298082715936647, -0.17314244471914558, 0.03557082656451805,B
0.0, 1.5650157072222115, -1.2285728347614162, 1.2062785819093227, -0.9027606810255657, 0.7794941905775632, -0.7962148632454998, 0.8756701256257944, -0.944061317976681, 0.8398069684813171, -0.8136779783176541, 0.6738978024395308, -0.6435410744899006, 0.5871397847059731, -0.5633449140522904, 0.4987120339970896, -0.32111736186016465, 0.2950986635474264, -0.18768803255899666, 0.02849925984988233,S
0.0, 0.9359048411201302, -0.5544999245004629, 0.7147941642818316, -0.45662096029678834, 0.5165789141467093, -0.3572715119472559, 0.4220596863626373, -0.4657569467146533, 0.06075117354553074, -0.24496736694501556, 0.17382924995361945, -0.13201130874131614, 0.22333631912626606, -0.18720998065398156, 0.2845331187881031, -0.24935599872981276, 0.1701580720952897, -0.21818634474209656, 0.08442164474850482,B
0.0, 0.7774494007717827, -0.45659406286618903, 0.5237536132415511, -0.19778090715877075, 0.35392659497935536, -0.1685726512710995, 0.42037827392785193, -0.4597769519252882, 0.018979283976502958, -0.31145273823314146, 0.13933639486451907, -0.20500885099270835, 0.236206533587144, -0.14851655304581193, 0.3200830198500273, -0.18261400013185172, 0.13301154342466714, -0.17730617442821942, 0.05446035900664357,S
0.0, 1.9974947865168766, -1.5722012408689328, 0.660026729905101, -0.2170768249350199, 0.6198732874494918, -0.873867650889455, 0.8761761030237545, -1.0011736230063593, 0.6955847085239828, -0.3443563677186828, 0.05898229232691271, -0.10189372734126662, 0.23393995299425438, -0.26135091467375127, 0.39092970559961143, -0.21778280554121857, -0.053105418202468606, 0.13772321309392885, -0.07734230926168321,B
0.0, 1.6857954107511057, -0.9163309642679048, 0.03951037705812984, 0.16157072523073468, 0.4514107116062074, -0.5198225661910929, 0.3550400637485039, -0.4880624758309036, 0.2987693807634224, -0.22752732338922638, 0.18033620460651364, -0.21040378409320257, 0.06037773117379556, 0.08260578296530068, 0.18657125684327897, -0.3077387820396748, 0.18200736819850027, -0.07183407804582743, 0.0211475605203539,S
0.0, 1.4680176643195173, -0.9707962331501956, 0.9181880964271597, -0.6315978370690599, 0.589402302307063, -0.757157633056417, 0.6384763058839792, -0.6019141915688151, 0.5956680151754656, -0.5791331395764387, 0.4861108064934229, -0.4808614858164574, 0.45415463961887714, -0.4175507112166, 0.32547250598773136, -0.2122881408899905, 0.24017866238769456, -0.17519005552717312, 0.035102697139200355,B
0.0, 1.5484411440237371, -1.1853706192085665, 1.1444547000576226, -0.8145933431405025, 0.6681587488912992, -0.661755394414513, 0.7147628313491042, -0.7714642928236813, 0.6657829063688586, -0.643533730162213, 0.5093474884170036, -0.4914734762894598, 0.45526291249961076, -0.4571684527110625, 0.41761888965748256, -0.2605782101392343, 0.25380994515194705, -0.16242632964553955, 0.019664213823413587,S
0.0, 0.9463137510951408, -0.5699036890277389, 0.7376251986254736, -0.47502365338305313, 0.5364481586283307, -0.372604266764549, 0.44151296064701934, -0.48495104733813404, 0.06411313213948235, -0.2558056658404158, 0.18484736852010897, -0.13913278260488648, 0.23079163105124587, -0.19625186242701417, 0.2969426081883983, -0.2593190252202725, 0.1780101235936923, -0.22541785023053276, 0.08639601308251758,B
0.0, 0.7834173465238526, -0.4723644906445078, 0.5450939282624574, -0.20224435107917654, 0.3600285105137606, -0.1634176659124757, 0.4308976599989826, -0.4735568869095074, 0.009357281837151697, -0.3201576913564499, 0.14209643282160075, -0.2129389517518136, 0.24652353356305137, -0.1521145673820016, 0.33606648195101685, -0.19165405717934575, 0.14014661975920373, -0.18853210014645494, 0.060276129445610886,S
0.0, 1.986059113103806, -1.5511527687994202, 0.6456051018767354, -0.21143985599842322, 0.6231898284058294, -0.8824296415919503, 0.8863115607125034, -1.0183999592085369, 0.7170079980241207, -0.36289735711910537, 0.07610023468283138, -0.12127082765564946, 0.25005431738934175, -0.2720137143271375, 0.40281096504737934, -0.2298436189584737, -0.047982760485049576, 0.14051258296238942, -0.08000641260995098,B
0.0, 1.6836347802379283, -0.9079636874157242, 0.033729670659896925, 0.15976602884290256, 0.44517367529981205, -0.5100887019414561, 0.34228032122706226, -0.4703753878523527, 0.28410201480980285, -0.21672656653743555, 0.17544411848683855, -0.2063733077025016, 0.06244767905060582, 0.0773207434392676, 0.18277048930909717, -0.29728485828960655, 0.17573124108136703, -0.07478410918477034, 0.024432853549923517,S
0.0, 1.4773156544167918, -0.98774008717637, 0.9320376447906951, -0.6400070461637726, 0.5923430347216737, -0.760784162822339, 0.6477328204354744, -0.6121095396022502, 0.6006347494377148, -0.5839040850745285, 0.4936045121791678, -0.4860522405163376, 0.45891715883959217, -0.42392445544454777, 0.33218356283848144, -0.21755790379617226, 0.24300609523910993, -0.17575808612480526, 0.03495817492668255,B
0.0, 1.5425995525496283, -1.1692008151169178, 1.1192458664465819, -0.7819192168813887, 0.632434479891605, -0.6208066143398916, 0.6639263915547573, -0.7090303506633437, 0.6026319855851104, -0.5902802289796267, 0.47130929210221556, -0.4648983336110953, 0.4340556157984928, -0.442233523960659, 0.4099206613933739, -0.2602703045044032, 0.2515017544731308, -0.15784459081034793, 0.018106126555678188,S
0.0, 0.9484679892377477, -0.5667001887562952, 0.7347098664010395, -0.4761372218401362, 0.531544256971059, -0.37312496825129, 0.43974239861421155, -0.481930012722364, 0.06469669157438637, -0.251117977677165, 0.18373447185951206, -0.1383058345269654, 0.23103638456528505, -0.19796749212843084, 0.2945590874652435, -0.2561288962741713, 0.17566548149257177, -0.22206056189639747, 0.08466281125658068,B
0.0, 0.7874593919655136, -0.4756655225050813, 0.5508122799228103, -0.2146204456897418, 0.3659322328214336, -0.17253950838243015, 0.43768594953124784, -0.4785897977312213, 0.017783215990986187, -0.3218565203199716, 0.14602228672108317, -0.21398345409275768, 0.24430484623179854, -0.15225142059850374, 0.3346143999860505, -0.19392991937873058, 0.1411067520914673, -0.18883288687395197, 0.06136456854787879,S
0.0, 1.9952644305284861, -1.5790936117614962, 0.6834885090897158, -0.24868809973732198, 0.6540672719960076, -0.9014002117822043, 0.8952689879723341, -1.0180520386037284, 0.7134900490775491, -0.36791743064440974, 0.08169429131607499, -0.11686057174475492, 0.24120548044082651, -0.26279424396095946, 0.38789557433163613, -0.2092383591378197, -0.06269459346556713, 0.1428677609734417, -0.07824043892269736,B
0.0, 1.6751358057349082, -0.8976250416478564, 0.032471857151029695, 0.15061017654408385, 0.4576835101244467, -0.5182355257520733, 0.34027101140882526, -0.4617603261108183, 0.277686302070791, -0.21323039355868623, 0.17137034729101774, -0.20400962178231705, 0.06892904829379873, 0.06551419865605332, 0.187577193517585, -0.2881650382012732, 0.16262762172510067, -0.0693317302645515, 0.023619890730536046,S
0.0, 1.4805652848444817, -0.9985104227578933, 0.9478283244723854, -0.6509435276388771, 0.5941919841728448, -0.759547016893109, 0.6507231500194477, -0.6184301278203346, 0.6067914720115675, -0.5917056670308023, 0.5040044744236136, -0.4938652999336157, 0.46272566380412133, -0.4279416592960102, 0.33870343456028035, -0.2246994635992724, 0.24952413292067244, -0.17900749933452983, 0.035203197569717425,B
0.0, 1.5362905841974548, -1.1459934264355465, 1.075008867608598, -0.7134609683302686, 0.5449953249908105, -0.5324342369563564, 0.5900482595541208, -0.6415963245137813, 0.5316043111120355, -0.517737092712339, 0.4030742996489488, -0.4096526199337823, 0.3872721247767711, -0.3970938075217699, 0.3686491610186557, -0.2240564575413202, 0.22790227630552992, -0.14251250372178453, 0.007818627357605405,S
0.0, 0.9482182444344113, -0.5604169606064545, 0.7309097857722072, -0.4793513089511314, 0.5289415453809072, -0.3776209834464733, 0.4410729716106196, -0.4803895329936147, 0.06547741813731452, -0.24522715504567327, 0.18382915135722736, -0.13854309003050225, 0.22999557215780045, -0.19987898243840688, 0.2950506281240452, -0.2565693499058882, 0.17641551864151417, -0.22305158204930034, 0.08543424011791473,B
0.0, 0.7844954967848726, -0.4672149697365717, 0.5433691007933504, -0.21113820337606864, 0.35800070828374114, -0.1702570200637129, 0.43640381247769844, -0.4760932302168685, 0.018271730756341965, -0.31788974170748235, 0.1449719685790091, -0.2145105775222578, 0.24477068230624835, -0.15528443120916344, 0.3332174575663754, -0.19028549725022562, 0.1367130001320461, -0.18719686880860956, 0.06275720553292076,S
0.0, 1.9725676707791602, -1.5224820198919624, 0.6225444537324994, -0.20364977700673983, 0.6210662012031607, -0.863385985825594, 0.8453625407661673, -0.9654152628030114, 0.6594716130351846, -0.3216613439971075, 0.053382289007834136, -0.09942411195841795, 0.22667367157816773, -0.24759825903607902, 0.37253404152702824, -0.19752457531898648, -0.07026149500725726, 0.1461416820901511, -0.07855876723514292,B
0.0, 1.6725837216288735, -0.8957927114757137, 0.034399753663846254, 0.14713367093167912, 0.4635060399199406, -0.515760147136237, 0.3298216168075534, -0.4485611790246023, 0.26856867478211266, -0.2129835458363997, 0.17295919581974462, -0.20653966554607894, 0.07085660097698507, 0.06333083224139321, 0.18835943953296663, -0.2902310917968524, 0.16773512790425862, -0.07191182140252998, 0.0237500407433455,S
0.0, 1.3894569280833682, -0.8001375576938673, 0.7271729739271254, -0.5337984020753113, 0.637588644190546, -0.81551482200831, 0.6607336978446335, -0.5854875584212538, 0.569973022306033, -0.5611276218155901, 0.46982694393552005, -0.40660981256871725, 0.3390328077290436, -0.3257462300312054, 0.2059747714912574, -0.13547630187883064, 0.20666329117467166, -0.15527379497460342, 0.036589158050108775,B
0.0, 1.5804482846218209, -1.325099182391774, 1.3331941915765877, -1.103572514738566, 1.0373857010447667, -1.0977845247675113, 1.1875172003439118, -1.2060810502397243, 1.1391790072583463, -1.0901429379466556, 0.9165489311878224, -0.8235943401421261, 0.7284436014118711, -0.7042403548785064, 0.5666728260816591, -0.4089970025664424, 0.3832009084967159, -0.23960617032005363, 0.07074477537784045,S
0.0, 0.8709401161813993, -0.5632405884099779, 0.7022691660148245, -0.31287266376976924, 0.3742885844064316, -0.285914944760694, 0.4052256145728165, -0.5137658211361796, 0.1796931535176439, -0.3534104170488198, 0.19970152459436538, -0.17361763677205397, 0.26666594246773323, -0.1960981929735355, 0.3083123073019048, -0.2885473906661355, 0.19069597378861952, -0.19817146945679787, 0.07827070571286526,B
0.0, 0.8804463894277302, -0.6577442549294232, 0.7574039818605496, -0.30153887990491995, 0.47316700051643257, -0.3812860134682632, 0.4795025087138111, -0.6410287927008456, 0.17058656055306598, -0.3265257956437191, 0.2171007657234078, -0.1817380578795225, 0.317860866226556, -0.20076593358888298, 0.31398095189577635, -0.2781157170404191, 0.10475755025366262, -0.1860104101896862, 0.10863945040132811,S
0.0, 2.1052645184091108, -1.6525282134041013, 0.5026874856966564, 0.06965796335112202, 0.45734761504397176, -0.9728774716233376, 0.95163362962579, -0.805698256203719, 0.4269577624518135, -0.06803946896581284, -9.214838274919343E-4, -0.3650389241207798, 0.5181986589565385, -0.32052663989834257, 0.2043773967097847, -0.10551142388271562, 0.04064287991453155, 0.02281558562196501, -0.03564714140994868,B
0.0, 1.6013851631899463, -0.8424230278203638, 0.05137819224685829, 0.18621813235371573, 0.5412442474269133, -0.7046390725045787, 0.5042824884363692, -0.4381024103989588, 0.07094116692966398, -0.16886824663344568, 0.21727338122894368, -0.37829811503188104, 0.3575577346427753, -0.13489994971870398, 0.27630816172460476, -0.3185121011571719, 0.28549878313108357, -0.18528508743056588, 0.04363759182964214,S
0.0, 1.4021492641442221, -0.8293642370190606, 0.7516941612908452, -0.5446984293523076, 0.6383606454623532, -0.812522959762575, 0.6743634546179053, -0.6043463797576639, 0.5688663565918562, -0.5578058809663755, 0.4778557695810908, -0.4139036278355035, 0.34090496428370265, -0.32762602968678517, 0.20515750632447474, -0.13629428550370415, 0.212253827864954, -0.15678585205984888, 0.03639322043095022,B
0.0, 1.5762661113136436, -1.3000833325937569, 1.303043738938375, -1.061643473966456, 0.9977287331506919, -1.054106876796357, 1.1201201399693785, -1.151205684723465, 1.087755725368244, -1.0416168333745035, 0.8694714241552584, -0.7750536580653015, 0.6936460884176181, -0.6744951334303834, 0.5470925686076805, -0.39485891373326193, 0.3722599344176493, -0.2405676836945971, 0.070523260693181,S
0.0, 0.8733128132194059, -0.5685288876868992, 0.710817472414202, -0.31915272717419924, 0.3791405683249726, -0.2912000065482245, 0.4140308499974729, -0.5252448539184437, 0.18747378809823792, -0.36042290361407014, 0.20592323129820775, -0.1777620795642088, 0.2706822485767761, -0.19893694735999803, 0.3107495592752043, -0.29134478835689376, 0.19381218627080105, -0.20092428793947043, 0.07934275439377118,B
0.0, 0.875375667034852, -0.6476449326827262, 0.748746099159266, -0.2949021274800098, 0.4632845410610944, -0.3716704018010702, 0.46784828169546366, -0.6275550500371645, 0.15986566313591455, -0.3154567603665359, 0.20761488357025576, -0.17483919595628944, 0.3096072112076066, -0.1950469101927053, 0.30891426358913676, -0.2734190264454913, 0.10310112651674297, -0.18476695281354621, 0.10757664400761521,S
0.0, 2.0950033974454114, -1.6201791655542683, 0.450373567241789, 0.12540646917251733, 0.40799536196819675, -0.9206564621439178, 0.8956037270982597, -0.7498415979548895, 0.37234173160954703, -0.014095287788325436, -0.05481862455933353, -0.31608204637240545, 0.47504513261652237, -0.2842911228425679, 0.17453988045733412, -0.07905076195630616, 0.01954272578315231, 0.036486629098261315, -0.040810060878550665,B
0.0, 1.5972239256239533, -0.8318958152076412, 0.03730337243889684, 0.19640398992253924, 0.5330378456739462, -0.6939174527840214, 0.4947191171961219, -0.43290968831437654, 0.06764503408031443, -0.15804507344940497, 0.203214737584843, -0.3695617095407041, 0.35672403229565985, -0.13566579379939972, 0.2703633244578377, -0.30991730830528647, 0.2762070599954327, -0.17931766741087293, 0.04272015862691693,S
0.0, 1.4052188790880238, -0.8409279892345564, 0.7649721646602001, -0.5500301602661175, 0.6376875278366047, -0.8137942587231801, 0.6841093790077198, -0.615247958530462, 0.5733494851758637, -0.5634184865743009, 0.49051838898869904, -0.42608085855843236, 0.3465711253536117, -0.3331271583548212, 0.21267644252906365, -0.14314193133553738, 0.2183414007783413, -0.1592170002237188, 0.03608083000485153,B
0.0, 1.5794509176890847, -1.29939635939114, 1.2907016687812054, -1.0231473422353718, 0.9223894925669537, -0.9646799921917035, 1.0326046092153518, -1.049782862080208, 0.9665289637783493, -0.9187458988133033, 0.7490612002973598, -0.6738603616456108, 0.6060995909147984, -0.5975182071529024, 0.4889367200392633, -0.34709850509630347, 0.33877679225022417, -0.2165591031321902, 0.05867976779250898,S
0.0, 0.8741698723561443, -0.5662945232943273, 0.7099591373323301, -0.32076403029229666, 0.37466958437254794, -0.2911209740066459, 0.4101262508846892, -0.5157566776883291, 0.18136119124307382, -0.3525540934091878, 0.201328516132427, -0.1729559967861595, 0.26273905742144665, -0.1919347106457087, 0.3027182702622085, -0.2843561036448915, 0.1897396421182542, -0.19924840261379928, 0.07986581115609541,B
0.0, 0.8703515634388386, -0.6365468063027903, 0.7394913661862915, -0.2884795943070334, 0.4548287741100324, -0.36539964670734376, 0.45758375930276235, -0.615593998843557, 0.14984004671359444, -0.3041368219713645, 0.19940053597704438, -0.16409220462291477, 0.2962329056292409, -0.18336168513217022, 0.2981463780043314, -0.26612661865761844, 0.0987842410363013, -0.18197317644258962, 0.1062790019122567,S
0.0, 2.0986486107801707, -1.637096645081762, 0.4817225181782389, 0.09506125842600896, 0.40872869177898224, -0.8827336718240064, 0.8522188962717994, -0.7393271403673585, 0.405351317960062, -0.060322401056711286, -0.03298047282465871, -0.3073843295420269, 0.45680664968707646, -0.2840629691230343, 0.19203716794144113, -0.09360120805572647, 0.01970599618837844, 0.04386645988396028, -0.04420036909474382,B
0.0, 1.5966229439083888, -0.825036012343461, 0.027505756460313984, 0.19343221379005798, 0.5407805812855857, -0.699215425610344, 0.49459089268665535, -0.42635343345444937, 0.06191513196058099, -0.1483291237451347, 0.19998464810386593, -0.3740335272125878, 0.35973775884085096, -0.1359969757308454, 0.2660054224552094, -0.3059279745900761, 0.27179993165428995, -0.17284252997597552, 0.039541768396079244,S
0.0, 1.4073110116322152, -0.8518309654493448, 0.7786139842595392, -0.5562693245528598, 0.6365693399694123, -0.8105527813568042, 0.6873895202046959, -0.6214181133044557, 0.5760247093287891, -0.5633234026552667, 0.49124843028817844, -0.42454803629936544, 0.3425495246074468, -0.3342809450928032, 0.21495193484272185, -0.14208271588986432, 0.21435855305439686, -0.1545853381394631, 0.034367557783592184,B
0.0, 1.5831924340242165, -1.2919399802007883, 1.2755884962426456, -1.0108306894588899, 0.915515012740744, -0.9584664745616704, 1.0124446530527167, -1.0276904621162113, 0.9501985460225926, -0.9052328478426872, 0.7497105852144339, -0.6711388045782778, 0.6049809357661315, -0.5999088739092787, 0.4927644444662319, -0.36027019089300816, 0.3517439352529764, -0.22739372434799082, 0.06174231917257097,S
0.0, 0.8747027442361577, -0.5602772836043115, 0.7024863361067174, -0.31887945243026045, 0.3635512525726404, -0.2904818473994958, 0.407781086004735, -0.5084636264053756, 0.18078031738934483, -0.3461574449935384, 0.20085789493632022, -0.17411024358175664, 0.2644600004162369, -0.1975245727460731, 0.30286619760317873, -0.28563291628594745, 0.18957487490499886, -0.19636992441062964, 0.07923367350743181,B
0.0, 0.8715807710631175, -0.6358505198777457, 0.7372147682621605, -0.290174150576172, 0.45453421714202025, -0.3702021661180487, 0.4626322855015595, -0.6171402647757122, 0.1570567499004651, -0.30970127224646893, 0.2050272859919158, -0.17000235952109835, 0.29696249705783906, -0.18350874848879703, 0.296077342945346, -0.26286615953781195, 0.0978624063707568, -0.1815725152227369, 0.10580124577680726,S
0.0, 2.086947164561175, -1.6098870473291211, 0.4642638376986297, 0.0895075805107032, 0.4181153415840262, -0.8794959883498554, 0.8440079551832679, -0.7434893483394153, 0.4204331286890493, -0.06478958878013881, -0.05085297361006765, -0.2758747076296264, 0.4340833300989955, -0.2863703299025921, 0.20742842666569686, -0.1007214836092022, 0.014043827854131361, 0.05201153662131852, -0.047155407603122354,B
0.0, 1.59573075795371, -0.8292970245641846, 0.03828484483378266, 0.18192095168738068, 0.543646654842625, -0.6926685582984519, 0.48280919435136754, -0.41740302824237596, 0.06819243382063844, -0.15338827523735946, 0.1962452116349833, -0.3676649541704279, 0.3601067451335338, -0.14731614919666963, 0.2677536856580988, -0.29546575149167065, 0.26385934819501006, -0.1712958857880751, 0.0400334220922377,S
0.0, 1.416113637499546, -0.8562015753919733, 0.7648559226598073, -0.5353653328288459, 0.6201983049169395, -0.8021951307092803, 0.6804610289806301, -0.6161554990786959, 0.5703900089408441, -0.5650230421879704, 0.498099798930396, -0.4248239889729018, 0.3348641147609308, -0.3281869532341091, 0.2152291710720423, -0.13904914044249658, 0.20967889608539542, -0.15015382524522058, 0.03141316232230512,B
0.0, 1.5845335122445443, -1.290322539672332, 1.2684282034615955, -0.9875219933009881, 0.8756351349097445, -0.9141172167018272, 0.9705877583257381, -0.9954941832079492, 0.9127656331431888, -0.8644135930395519, 0.7074283503766653, -0.6268216108138345, 0.5690486403636721, -0.5666879784060695, 0.46480972445612484, -0.33758328032643703, 0.3343900923937866, -0.21873234251298385, 0.057371820274268064,S
0.0, 0.8744632433879302, -0.5543698164526469, 0.6964780075691741, -0.31582344051631306, 0.3526952191742677, -0.28684184387110956, 0.40224071465546657, -0.5012362044039393, 0.1791621124943713, -0.3400402206230284, 0.20130201533297684, -0.1721011125306309, 0.2605362173875269, -0.19820557112282924, 0.3004115736950013, -0.2857205036627099, 0.190453992277189, -0.19713864926334176, 0.08158721305104098,B
0.0, 0.8730213497452411, -0.6364447508184528, 0.7382032073703078, -0.2940245671863379, 0.4548350570266635, -0.3760756353294317, 0.4698310669006835, -0.6230027392002061, 0.16861299564189627, -0.3185429797137176, 0.21596023768761705, -0.18140812787255442, 0.3054246827048136, -0.19389157799485132, 0.3041720464996476, -0.26933904266539976, 0.10205639487929766, -0.1822700026895799, 0.10615492789866755,S
0.0, 2.0893955876170134, -1.614430743540591, 0.4637593306553275, 0.09949236728389373, 0.40681438977812806, -0.8918085971912169, 0.870897573597498, -0.7533305811451483, 0.4109415648974171, -0.04937845227128064, -0.05479666110358861, -0.2793215851949824, 0.43601263369192994, -0.2839531210940724, 0.19623021474119623, -0.0895964512132706, 0.010204936156544182, 0.04984520735467727, -0.04499686862518703,B
0.0, 1.597191019269831, -0.8296122149096065, 0.04244803754373977, 0.17251421414329854, 0.5397757571922195, -0.6763279403357741, 0.4642117590017854, -0.41285049938417556, 0.08437301095642316, -0.16876289288533564, 0.19667769293431367, -0.3499192982254973, 0.33842584516060753, -0.14096145698415014, 0.27295186748945177, -0.3032238298824451, 0.26722830506257, -0.17030947409166475, 0.039734806379507395,S
0.0, 1.4019079426167167, -0.7999703716723416, 0.7482279601013239, -0.5911145877868638, 0.6713805478386743, -0.9004025939533559, 0.672538218984219, -0.5294820686491635, 0.5503041560454924, -0.5487426199172661, 0.5256286143397471, -0.4716303342273213, 0.39949551063599076, -0.431954453187558, 0.339612207462907, -0.22765858884381895, 0.19054229592643018, -0.12129223071972672, 0.04541446566710508,B
0.0, 1.5280138000828083, -1.1566936768873946, 1.0874066382508525, -0.8297364427460041, 0.733622995244611, -0.7987195430125128, 0.9688586138977002, -0.9741576621344176, 0.818566727191657, -0.7722280754613874, 0.6535656322838655, -0.6803334415699029, 0.6701758183726417, -0.6841149028282112, 0.5557781849526163, -0.38805321476373955, 0.38083368411121615, -0.21449440397872047, 0.055034737990791276,S
0.0, 0.8861051791029313, -0.5255458803512008, 0.7191636546103554, -0.3516046826377771, 0.4413579002298026, -0.3170870767543738, 0.37856009455182543, -0.42308236729820575, -0.0073526098815154, -0.21145207960986329, 0.13826200468152922, -0.1207084012452243, 0.24661922672110878, -0.20457887310944492, 0.3301190293163661, -0.27453290555016957, 0.13203952664905486, -0.20585895206932622, 0.09257918474709202,B
0.0, 0.7797774239066153, -0.47346741113700536, 0.6242212282315591, -0.19912377241321078, 0.3344554520482046, -0.16358256753418135, 0.2541433874763982, -0.4121636479437171, -0.08170866491794863, -0.19981571997254047, 0.15030757261852726, -0.098387187906737, 0.2615021405417789, -0.18834063318908506, 0.3442902518787368, -0.28864751066367067, 0.13937735970359894, -0.21730708354206135, 0.1123682688045406,S
0.0, 1.97484401314489, -1.3936172797755622, 0.47239072882293115, -0.11406110725780157, 0.6414779240828707, -0.9941583648556898, 0.7715471258358279, -0.6576852134845456, 0.3122150157632449, -0.13357358682760975, 0.2089467569047812, -0.4317352175058832, 0.3923827319501309, -0.058750366986057304, 0.08209722096241193, -0.16448112867212347, 0.14608016509451358, -0.08372195580700209, 0.005073483656131084,B
0.0, 1.4983581765528515, -0.6575215977353632, 0.01786880964857787, 0.18962064009367183, 0.45259621143018985, -0.5980643615264115, 0.459244767924178, -0.46156758192087277, -0.06838251872416351, -0.018263298467409945, 0.3398318431428839, -0.5724843565884696, 0.43197900579964105, -0.026255929732980455, 0.07724952596963511, -0.1901996715189709, 0.2618542702197729, -0.30742633938014907, 0.1453795206009853,S
0.0, 1.406798295905385, -0.81377692719117, 0.7617365640871343, -0.5960234880284272, 0.6683958782334655, -0.8954828994674263, 0.6770296754901514, -0.5360009319415056, 0.548658483451463, -0.5496977203748281, 0.5305857405910818, -0.47706832299006685, 0.40532489341535227, -0.4363842738470647, 0.3452237587008581, -0.23277137947941637, 0.19354380810005634, -0.1251975994680004, 0.04754888989178984,B
0.0, 1.5317561863897526, -1.1502975872043164, 1.0751268040489796, -0.790825853066255, 0.6645490211801853, -0.7190043264769587, 0.8765715291631739, -0.8759833402232504, 0.70170526801159, -0.6408140593330401, 0.522369773388935, -0.5515609223622303, 0.5579166272334377, -0.5918811704393839, 0.48293765202843897, -0.33414714173095383, 0.34411115242592005, -0.19352967312743427, 0.042195989439048884,S
0.0, 0.8848897066401282, -0.5168887767045618, 0.7123517892080611, -0.3450462586146649, 0.4298067596101406, -0.30983386137492097, 0.36647702028640333, -0.40780777175829064, -0.014729668248057461, -0.20461933382500713, 0.1350081300648885, -0.1178378562145431, 0.24127975640855898, -0.200558238051845, 0.3258812278084466, -0.2736793062551221, 0.13376655828694634, -0.2043738217688386, 0.09188484008177752,B
0.0, 0.7717606617303092, -0.4592858926258445, 0.6103835332323927, -0.18538589209763195, 0.31889057020931594, -0.15174499332079622, 0.2432138779039949, -0.39859823680600814, -0.09581786202787834, -0.18616443865292184, 0.13767426842297717, -0.08897406111932299, 0.2509388748065257, -0.17805212132179135, 0.33511739118878736, -0.27793775206724897, 0.13006091368657796, -0.21132522058477052, 0.10970667743549693,S
0.0, 1.970557871192765, -1.3803667883947204, 0.44701549471408153, -0.0843547755401207, 0.6181861634843107, -0.9707063352167697, 0.745851567274408, -0.631138765762408, 0.2833818922047351, -0.1068093840911943, 0.18467411457558267, -0.4101671532698391, 0.37230500712835113, -0.039539695863010246, 0.06566417071240441, -0.14989908910962466, 0.13547277494231108, -0.07832741438521039, 0.003257332314670924,B
0.0, 1.4968425958599596, -0.649676748784427, 0.0056240396767757, 0.19323324691130114, 0.4513265378570178, -0.5889882097062159, 0.43929226043205594, -0.4428595109396055, -0.06326289195234239, -0.024174911591124823, 0.33014917369749985, -0.5534077251677104, 0.4127642070999139, -0.02126062123989799, 0.07551787964169483, -0.18676067927388712, 0.2537142704080642, -0.2954546934412718, 0.1410291572702546,S
0.0, 1.4101690929804618, -0.8261594712163645, 0.7756712256615212, -0.6017312263902148, 0.6709615482741419, -0.8967755308000307, 0.6846596804222966, -0.5514498452503215, 0.5566409172479091, -0.552211301797946, 0.5373439031635273, -0.48643852736253346, 0.4164202554838498, -0.44804762182348234, 0.3548301335231918, -0.23965874911300694, 0.19981870843285468, -0.13128799161310345, 0.049690230963170434,B
0.0, 1.5059563480406397, -1.0933242709975517, 1.0336949167328622, -0.7630225072621162, 0.6417606799885383, -0.6980070291874312, 0.8332373755310739, -0.8289873185226838, 0.6678974062283219, -0.6080127249078342, 0.4924552247528616, -0.5213616950450786, 0.529361480498065, -0.5608893288227048, 0.4519334940482316, -0.31348050901179414, 0.32292016773848087, -0.1770189264374217, 0.03678450787603475,S
0.0, 0.8877328566873125, -0.5221905659324768, 0.7200094665236242, -0.3494069860703028, 0.4350361849207449, -0.3126173228972658, 0.37058195384485476, -0.4121677560909983, -0.015474487838317917, -0.20564677039710835, 0.13628303009358247, -0.12152541821303126, 0.24630885565617042, -0.20504419213759928, 0.3316319154935044, -0.2773983880213937, 0.13486253154144523, -0.20718254478689518, 0.09378924869367952,B
0.0, 0.7730567419334041, -0.4586870653579713, 0.608268550197349, -0.18687815648163256, 0.31672656758034873, -0.1549676511258767, 0.24600302453863912, -0.3975354647575403, -0.09266045041414338, -0.1854269607918899, 0.13900626178424325, -0.09348155789116719, 0.25258116344962944, -0.18183602044162475, 0.33512738112343293, -0.276296442806023, 0.12801471130648712, -0.2064809958958428, 0.10792688048319489,S
0.0, 1.9679785515569121, -1.3756578586991228, 0.4493597448084536, -0.09721975993608874, 0.6302849227055506, -0.9768807734168048, 0.742525582428508, -0.6187690831485643, 0.26709544475992325, -0.09032478596242625, 0.1786635838053952, -0.41353236653149344, 0.3810092205088451, -0.045427017643891204, 0.0582563352894189, -0.13527753999340758, 0.12310124685905435, -0.0745355430837558, 0.004050295291691036,B
0.0, 1.4991567222152251, -0.6495962467639351, 0.0019762911398784194, 0.18929416840690674, 0.4519011809387379, -0.5856871823801953, 0.4372863463707919, -0.44247575068625244, -0.05525080328974825, -0.02357180407397649, 0.3294041818598403, -0.5565873463501956, 0.4097486813410347, -0.019976125934166852, 0.07469224070802313, -0.1906143277952571, 0.2583744068750715, -0.2950874052755343, 0.14063812527633565,S
0.0, 1.4075901831792694, -0.8249797519234222, 0.7774359455964179, -0.6030645773152226, 0.6674730783557775, -0.8862024890513205, 0.6765956261334843, -0.5487348177801148, 0.5547761309218259, -0.5502145843844091, 0.5366116977845412, -0.48565109263679734, 0.41461883633086866, -0.44906917008419517, 0.3559844600628255, -0.24195685363339117, 0.20473491660442344, -0.1345190702464317, 0.05046462739438353,B
0.0, 1.5131434890731605, -1.0992920821290249, 1.0263386049385026, -0.7379327821835404, 0.6026577319306912, -0.6548882876128885, 0.793073333872105, -0.7872914458022943, 0.6188039120976389, -0.5568669745848884, 0.4500287822094211, -0.49349204442261324, 0.5047186425009422, -0.5409208752753186, 0.4398430665234401, -0.3055983038585895, 0.32602408535637944, -0.18122203295778042, 0.03612425379748996,S
0.0, 0.890152856607916, -0.5155488999343363, 0.7091179174609668, -0.3421836837790836, 0.4209084103558244, -0.3042910774749943, 0.3606881041944904, -0.3969233228755349, -0.025420450853014392, -0.19124417564737214, 0.12765776656786762, -0.1125250289857246, 0.23725304975317474, -0.20118760310612802, 0.3222921919957518, -0.27398056406064974, 0.13305309400004112, -0.2017553567534052, 0.09193039990563703,B
0.0, 0.7735302915810366, -0.4596123913109478, 0.6080124150500241, -0.1885318052452869, 0.3173821860539484, -0.15789719136895067, 0.25066933560143095, -0.40176459597642217, -0.08598049840596639, -0.18890652443937314, 0.13913286945134098, -0.09402815698042914, 0.2495806084774454, -0.18021696748139351, 0.3340198678101499, -0.2732605008364555, 0.1262584586036722, -0.2045148030129685, 0.10697952811088324,S
0.0, 1.96559031314775, -1.3742028891616258, 0.45051272189757496, -0.1010447201736351, 0.6421684709308106, -0.9882960128956968, 0.749683694895368, -0.6226018237157066, 0.2650566574077285, -0.09295236644057885, 0.18685199396783755, -0.4212305448441335, 0.38476323891576153, -0.04475132313574013, 0.059863956921983305, -0.1391419069708251, 0.12718935148167163, -0.0784230432213774, 0.005556015190150493,B
0.0, 1.498719185746123, -0.6486158204598313, 0.002788662984674516, 0.18757739267176307, 0.448982196156865, -0.5792735977643095, 0.4394509318189998, -0.45264685719222525, -0.052590334927896, -0.022702736830336256, 0.33355966600838055, -0.5647728352848239, 0.415151973986513, -0.019746785879881355, 0.07679728519027351, -0.19315820132063424, 0.2585235563342616, -0.2952199439827879, 0.14064142123680584,S
0.0, 1.4025851031274301, -0.8108142493032593, 0.7517934955832928, -0.5761985992481166, 0.6436693622338682, -0.8559294831133508, 0.6569087383460674, -0.5261562531712685, 0.526772624439297, -0.5355840816076686, 0.5234055291309739, -0.48099881661442434, 0.4109524091975573, -0.4350956644222869, 0.3413289679620884, -0.23042437285615874, 0.19971931082224825, -0.13262362083838944, 0.050055385647649484,B
0.0, 1.514564821091047, -1.0862027616704755, 1.007154014750193, -0.7205068298807945, 0.5904784271227358, -0.6465390768269117, 0.7760654266002036, -0.7680429706203643, 0.6062054171062174, -0.555499379959952, 0.4576733078244639, -0.5023067153272782, 0.5095551202972823, -0.542927448660784, 0.4406727580209809, -0.3027895796071193, 0.31920065632788647, -0.17610323488957405, 0.031953983345330644,S
0.0, 0.8923591734322178, -0.5146264189943984, 0.7104386079126331, -0.3492599869784066, 0.4243940728061789, -0.31395023757705126, 0.36708990753564397, -0.3996090787573183, -0.017331751843498854, -0.19547120340480423, 0.13832374124789343, -0.1244342090265924, 0.24280631991124504, -0.2067684710924446, 0.3233255838879118, -0.27366997681491056, 0.13325604987574471, -0.20164046254631363, 0.09188381854109923,B
0.0, 0.7706622572364287, -0.4485962078766865, 0.5938429850986179, -0.1815553726159223, 0.30624567834790156, -0.15256432372625126, 0.24294826489084093, -0.39004102375521954, -0.08899763057978359, -0.1782752342085422, 0.12991838859881705, -0.08638322897237886, 0.23838518560211688, -0.17220518049055555, 0.32271031416843854, -0.26480048581250076, 0.11928729535755084, -0.1963037571089906, 0.10400179174086396,S
0.0, 1.961607344896574, -1.368481315204281, 0.4294999112351819, -0.050485454139283126, 0.5712527265863165, -0.9027730789443854, 0.6776440478904417, -0.579496202525353, 0.2368844244420994, -0.07063026115200731, 0.1519958088704793, -0.3763152819194632, 0.35542484425672305, -0.04024493562822329, 0.06359900456548065, -0.1285330231596305, 0.10310526919759087, -0.05790303711329499, -0.0019963580176926865,B
0.0, 1.5030874483943821, -0.6567454493315362, 0.01699698807986272, 0.1735798124040678, 0.44680946739681776, -0.5706585240168692, 0.4319326218898857, -0.45554458135874876, -0.04463004596425622, -0.02339487077102086, 0.33326018206518704, -0.5603693933448413, 0.41114363916722263, -0.0195054306692216, 0.08169163187109518, -0.20080024768516147, 0.26000639692965244, -0.291457507584334, 0.13778840034341935,S
0.0, 1.3981208581869529, -0.8034587660950895, 0.7214226023068988, -0.5875147188031405, 0.6420541552347833, -0.8064244665949223, 0.6946233142314343, -0.577691570220042, 0.5787643571105129, -0.5282473081182059, 0.46684511193775574, -0.4888566596762453, 0.41035759109817616, -0.38744027302536704, 0.2928036635759163, -0.2377218768248505, 0.2597803432108879, -0.17994602889813227, 0.05611557833184795,B
0.0, 1.423648607703112, -0.9228247769938724, 0.9535876198055695, -0.6389947977186692, 0.4457891354550675, -0.6751968516500677, 0.7558546967983979, -0.6582015376203119, 0.5966901920315385, -0.5667280152074142, 0.45783121801872073, -0.5124618006258063, 0.5605794322656992, -0.5868206287392899, 0.4664575724288506, -0.32780945533645106, 0.272677669599567, -0.08512811282723683, -0.011730830121104782,S
0.0, 0.8528992448998476, -0.5419517661863147, 0.75369481712832, -0.4278692725242347, 0.4650653446697156, -0.32843733401912223, 0.4001100339757991, -0.4474570392166093, -0.03579443694632139, -0.1754532080710213, 0.13198333355587571, -0.11701706747588014, 0.21580306085362475, -0.16530951356587728, 0.3207199180121082, -0.26525972307981854, 0.09501622629838045, -0.19051663633660534, 0.10608912616541158,B
0.0, 0.7975394384424175, -0.5155446909902894, 0.7524114882962981, -0.3470433860540333, 0.4753869801002479, -0.3538377202810007, 0.45791734588276733, -0.5681615335118135, 0.08630782261072165, -0.3354301331432089, 0.21418417627807956, -0.15363118747054863, 0.26806164864330245, -0.14503397515175748, 0.30987713491827074, -0.2191916641370912, 0.06313933043156601, -0.19753245869497646, 0.10631514114249886,S
0.0, 1.928295764883683, -1.3124673366532074, 0.5606481518433457, -0.20857165680841894, 0.528505239013329, -0.8822458959179224, 0.7638746028515941, -0.7267159469735754, 0.34202791513288944, -0.1882287158289685, 0.37940183415016826, -0.5712651881929913, 0.5480767270532043, -0.20876232703121375, 0.13442584961302212, -0.11964975355761608, 0.10710562431827325, -0.16170999818194162, 0.06855910088975417,B
0.0, 1.6098580397449636, -0.849414801955158, 0.04875692790242332, 0.241192672604964, 0.4549594901643168, -0.624658665418283, 0.37948083514521636, -0.3193991270447533, -0.05947675048732185, -0.042832180066635216, 0.16867012690609196, -0.3109822735926837, 0.3166142645154647, -0.07429164926348646, 0.18427024991959814, -0.2719475316368454, 0.25350968452577877, -0.21726359329238631, 0.08210466019891068,S
0.0, 1.4014126933436997, -0.8278223975323448, 0.7488943646538937, -0.5992506549909283, 0.6468473828713119, -0.7996292957722232, 0.7029082773529716, -0.598532661058651, 0.582920882986462, -0.5347432898832198, 0.47802175750441256, -0.4885259529796996, 0.4141595729503697, -0.39799476145994506, 0.3033094098219195, -0.24981066214352973, 0.26503499495988475, -0.18137223950076575, 0.05823263346336474,B
0.0, 1.4251780451453262, -0.9179834882449637, 0.9457066825830357, -0.62592440378326, 0.4233391784145799, -0.6495422055270526, 0.7379988706164576, -0.6442387603735511, 0.5808876349500479, -0.5425285781810115, 0.4300226076045452, -0.4914445326554516, 0.5523728523309492, -0.5835485048727784, 0.46039824322151557, -0.32562299537900624, 0.26237881503506727, -0.08093936866943882, -0.00800763846931595,S
0.0, 0.8541039968097642, -0.5493728691654155, 0.7661647260261287, -0.4356466754068914, 0.4731665728572297, -0.330921328504028, 0.4049109282907089, -0.45167624787698574, -0.039623497969681974, -0.1741366738055303, 0.13214523890589758, -0.11709641039367599, 0.2156191518958635, -0.16550445918278342, 0.32694087264257515, -0.26815211695794483, 0.09638496951445491, -0.19608825324920187, 0.10809167913411433,B
0.0, 0.7907320098151074, -0.5001970982700787, 0.7357410316116744, -0.3355601293875731, 0.462665590396281, -0.34533820670260656, 0.4436025225718281, -0.5495270653266623, 0.07545697689980511, -0.32025046308623933, 0.2011624551959605, -0.14225404198882022, 0.2573693701240002, -0.13801534672219004, 0.30000934052464096, -0.21133921942150866, 0.05776684492521133, -0.19091108272378407, 0.10343147364699437,S
0.0, 1.8961653312869575, -1.2425078330425803, 0.4888772312573895, -0.14149116186255517, 0.4572460085390457, -0.794307725185487, 0.6776068345974252, -0.6577790081541235, 0.26905727994502404, -0.10846318297779584, 0.30399019998952487, -0.5073150624957071, 0.48910918071554527, -0.15128343146478163, 0.08874877628072501, -0.08115968117502352, 0.07176739738810073, -0.13800537309639396, 0.06046030438469376,B
0.0, 1.6163530439520524, -0.8543936873943658, 0.04714555504155166, 0.24044989652079668, 0.4542004739742009, -0.6245289438929489, 0.37072466749966976, -0.3088892616364083, -0.0674002240623467, -0.027609324672341274, 0.16177633210102693, -0.3061530547098515, 0.30803691200541217, -0.06106968795954149, 0.16612714036703863, -0.26125019487973145, 0.24858301392863508, -0.21529633585219649, 0.08210982431782299,S
0.0, 1.401316414820504, -0.8319334815336383, 0.7524103201723461, -0.5984393624799711, 0.6434842285470644, -0.7934547913945266, 0.7021818617293379, -0.6008799421488822, 0.582750353272181, -0.5336610198771297, 0.4783177591143772, -0.4878343273370121, 0.41469493402731616, -0.40329071610207445, 0.3069609368986413, -0.2526120368858956, 0.26769004311320443, -0.18237860123176314, 0.058952528509756096,B
0.0, 1.424305789611105, -0.8978441277528536, 0.9090744772960911, -0.57011806822818, 0.3628328996669839, -0.5996186303246918, 0.6896690048066579, -0.5974426677900886, 0.5345795141831974, -0.4979030943780751, 0.3953724583579976, -0.4615372085869201, 0.5167997960292849, -0.5532228336379813, 0.4327395065820581, -0.2999444419922292, 0.2504914760701512, -0.07358845276766038, -0.01346194496179351,S
0.0, 0.8565334506242701, -0.5478222073211784, 0.7657403634283029, -0.4426981524983423, 0.47185657873056835, -0.34043617985596025, 0.4124547716460003, -0.45407507355002547, -0.02646622417130453, -0.1771740925567608, 0.14055610315316835, -0.125814211220145, 0.2172615886780121, -0.17074858907417081, 0.3249310670629798, -0.26661948989940565, 0.09701900369489556, -0.19422728359327043, 0.10765777978019962,B
0.0, 0.7904583749141436, -0.49870164663819627, 0.7338862255731168, -0.33381592165043106, 0.4559599385119998, -0.341244715281285, 0.43810858144604625, -0.5413334016747793, 0.07467127491506839, -0.31672258970298167, 0.19699682015853948, -0.14036169251069916, 0.25329479790545545, -0.13523947438050504, 0.2976390622270791, -0.2103732739471039, 0.05843373036879172, -0.19127821928047709, 0.10362938423041547,S
0.0, 1.9025285397050196, -1.2507297205303702, 0.4924240308424351, -0.1480991022140943, 0.4623317166482289, -0.800923906126582, 0.6777766805270328, -0.6485357582827677, 0.26964899467232145, -0.11420074700979184, 0.31850663435620574, -0.5230152858939477, 0.49600244857663695, -0.15500922706563852, 0.08684737294375822, -0.08293539053321057, 0.07857065438496585, -0.14456310149593093, 0.0641460144841978,B
0.0, 1.6176926690119497, -0.8621762801457586, 0.06318620851147794, 0.23378722550716163, 0.4476670007908269, -0.6236533829921371, 0.38318759300852273, -0.31764031302782264, -0.08586310833676504, -0.0011950914945344662, 0.1533793301470752, -0.3085405490120232, 0.3116972482623369, -0.05463253190283311, 0.15309919291070712, -0.24951079554366598, 0.23885284712298294, -0.21508314388588928, 0.08404858172313578,S
0.0, 1.4057209855743118, -0.8523583744034955, 0.7748487191952171, -0.6150613304191018, 0.6548065303238948, -0.7990186789696121, 0.7243628264476756, -0.6240447492796298, 0.593745135193041, -0.5423961009284116, 0.49167986009610604, -0.5052603387619482, 0.4309017409686893, -0.41447527217275404, 0.3138473854387044, -0.2634263062630626, 0.27769741194059194, -0.19045520924470194, 0.06498980224268922,B
0.0, 1.42011456583291, -0.8795101594701745, 0.8828009598553901, -0.5379269935321661, 0.32947543541173496, -0.5603381825955961, 0.6338508138998936, -0.5281828174809216, 0.46055006346416816, -0.43091061154936267, 0.32950879920462106, -0.394289820582395, 0.4566226724232489, -0.49636627996329186, 0.3869288812856046, -0.27058169779675273, 0.22881047563527923, -0.05951599946419733, -0.019529982609485075,S
0.0, 0.8571204802863617, -0.5439845650505449, 0.7585386670518633, -0.44113486442394934, 0.4622266398880568, -0.3335381632770573, 0.40565839527022474, -0.44092908845552975, -0.03473709889376365, -0.16335367083907645, 0.13026512179444266, -0.11755279454577534, 0.20671654187517075, -0.1672911425240136, 0.3203702285490924, -0.2632865073995339, 0.09634957672160929, -0.19312341566825428, 0.10705333302240637,B
0.0, 0.7889611652941408, -0.49232808391331945, 0.7282745980297223, -0.32819159860567454, 0.445038025944756, -0.33518952402222224, 0.43067603891006623, -0.5326037162605735, 0.0715900287228021, -0.30906976192561053, 0.19084639031218803, -0.14073025149615861, 0.2523742192324917, -0.13587551647482604, 0.2998599655955982, -0.21068220344054545, 0.05986572716493723, -0.19253740178251946, 0.10348485142345411,S
0.0, 1.9075579025466187, -1.2576851895457353, 0.4942351024143204, -0.14727882297413525, 0.45932010896617953, -0.8003219161004725, 0.6771260737702711, -0.644118630152599, 0.2647660634740266, -0.10728971233030722, 0.31567023638573605, -0.5264542146569227, 0.49936258989523225, -0.15436631817933028, 0.08161501338799926, -0.07803299643644028, 0.07806145249416137, -0.14593672720298834, 0.06458943942286678,B
0.0, 1.611543429625945, -0.8577816199049462, 0.07187268725072203, 0.2233264841397027, 0.43262107929121274, -0.58535877128332, 0.3578680045109355, -0.31681742374591854, -0.06752546816564825, -0.011961412858150115, 0.14261094520793016, -0.294515965992882, 0.30494463954063195, -0.06227890673813234, 0.16397618632433011, -0.2523823989316849, 0.23530854347800736, -0.20929004358129139, 0.08187228327480275,S
0.0, 1.4077294014843535, -0.8671013585168208, 0.7910487381933952, -0.6247523234034384, 0.6644641034757325, -0.8061458003192479, 0.7342775229741062, -0.6243619769797768, 0.5981000639548062, -0.5542832914346307, 0.5016221626190932, -0.5148548184155411, 0.42728570863644016, -0.41726620634407824, 0.3246151444550166, -0.27400291008571176, 0.2881726347006981, -0.1966105714024571, 0.06863618043206726,B
0.0, 1.4358717730615937, -0.9088421469841675, 0.9231699510331286, -0.5804110439893176, 0.3578070541612089, -0.5925183629244064, 0.6825437271395973, -0.596836571654191, 0.5357147947538096, -0.49399546281626094, 0.389060077260068, -0.45536147921948433, 0.5188007959755546, -0.5661174808377656, 0.4478005104606354, -0.3160125262539307, 0.25800194668433896, -0.07437337271684563, -0.012039956244171332,S
0.0, 0.8588064834781136, -0.5412145234330807, 0.7569155639432549, -0.44271454890850737, 0.45829754157308655, -0.3364382481708474, 0.4061757393079868, -0.43770956896047675, -0.031965352669749904, -0.16342321497934742, 0.13108526334192813, -0.1198172178548725, 0.2081501721476179, -0.168009758168125, 0.3206921579074416, -0.26364913483850777, 0.09840138787296646, -0.19418447168475722, 0.10709466731726597,B
0.0, 0.7891043250014408, -0.49072837611803044, 0.728559344118732, -0.3294192209090815, 0.44027643497811575, -0.3327416115860819, 0.42548173701048525, -0.5243458939832019, 0.0700106999721223, -0.30446633336575957, 0.1861563966866493, -0.13816223147832382, 0.24856493952372524, -0.1340601843722924, 0.2987863642749982, -0.2107534570380365, 0.060652182589102405, -0.19202014142358867, 0.10269641995229156,S
0.0, 1.8981366618358055, -1.2353838320647084, 0.4741986049323967, -0.13106017535643483, 0.4394330769559819, -0.7797630294680368, 0.6624933503232265, -0.6335617077371327, 0.24698393457107448, -0.0875601889703372, 0.3064409334447985, -0.5230992687672321, 0.4906860886547724, -0.1400165136492114, 0.07115785941376433, -0.07254390444581227, 0.07254045621545155, -0.1416108326866516, 0.06327840331103346,B
0.0, 1.603313707266084, -0.8330094785362661, 0.03167622606407432, 0.2720197105901613, 0.39723747753032224, -0.5767447826683558, 0.35909368865136304, -0.3143620893694333, -0.07333558118019178, -0.014736286340461398, 0.15022903570261842, -0.2863966062305914, 0.2875090865471143, -0.04159799553006394, 0.14300283469108235, -0.23298453955534573, 0.21920820403765412, -0.2017980694225879, 0.0805744581941067,S
0.0, 1.3445821887324023, -0.6977071263713649, 0.6589468609890707, -0.506998383993173, 0.6510301916156336, -0.8908205089025122, 0.6005643897919829, -0.5474377551035626, 0.5553679479688326, -0.4814739544711717, 0.4594522424308944, -0.4164281185796173, 0.3874370755144713, -0.3734478258673854, 0.21636013073781715, -0.12784509219131363, 0.17462045069847448, -0.14258243477620072, 0.041856510398717205,B
0.0, 1.3791735871002877, -0.8612192338182734, 0.8591668630805144, -0.5911186940941786, 0.5812375608639436, -0.8148229636668243, 0.7939461224399798, -0.7062316769344487, 0.5594342537838417, -0.505562157351743, 0.49145712031755817, -0.5087292461038847, 0.48173993821335603, -0.445804959382712, 0.3195700216817602, -0.25961297597772426, 0.26241731750951985, -0.13801968560733857, 0.04714283957167886,S
0.0, 0.7776491366854863, -0.4919503706798146, 0.7082458125109888, -0.38439992847252, 0.4850668991891521, -0.3342496217799504, 0.4376843191376527, -0.45131297896796024, -0.027383642202225878, -0.24768774124420953, 0.13275569747301103, -0.0855080139096506, 0.21069059028845652, -0.15188424595577346, 0.2500748017373201, -0.20651260492189996, 0.08863920532496848, -0.16927143800346206, 0.08330824272630767,B
0.0, 0.8525289013810635, -0.49364253813203796, 0.6784712891454467, -0.27414355553910974, 0.2786233842448707, -0.1383735271464607, 0.2992825258891407, -0.38019196971600616, -0.10455623153563066, -0.13873776238825777, 0.11740652619475757, -0.09680991748675959, 0.22762240966056455, -0.21844512780245948, 0.36375657907773007, -0.2594668566642359, 0.1126918303590308, -0.23678705329071048, 0.14037937918114102,S
0.0, 1.9050437181965967, -1.2830015333141827, 0.46155075135825047, -0.09661628170662288, 0.5827644734522069, -0.947126637646544, 0.6956455150308819, -0.6266524061874508, 0.32041725561036066, -0.16214654482399918, 0.1630317847455404, -0.2695418618698399, 0.3905579749589128, -0.2152851944924286, 0.2037773170506058, -0.18798869254605594, 0.08579273106439568, -0.06332767002602589, 0.021338175857187835,B
0.0, 1.5815935936941992, -0.8494413162750434, 0.1292410619461056, 0.202349532039364, 0.4129864450199782, -0.5348148610465088, 0.34166414919702315, -0.3911776069050595, 0.06185521135236873, -0.29405004729178796, 0.4382373513009743, -0.4028712785474811, 0.22483404171142782, 0.10740812615357008, 0.038174153276355885, -0.13512877863237033, 0.1400454264340339, -0.19117383459769016, 0.08763548089810992,S
0.0, 1.3493927868951396, -0.7146451458511099, 0.6794556619757046, -0.5160613249905737, 0.6491426189772723, -0.8905403047456837, 0.6098615404840555, -0.5592245145576232, 0.5566938449922187, -0.4811748405991115, 0.46660269736055976, -0.4219995473570749, 0.38865020054308025, -0.3745693031654882, 0.21802890781551287, -0.12885491340336414, 0.17360589020929204, -0.1400055923591435, 0.041031038802312375,B
0.0, 1.3863647929604155, -0.86287220902341, 0.8628037472650915, -0.5819155328946864, 0.546835539413224, -0.7845234095324359, 0.7689540642685317, -0.6858090982949202, 0.5348667564262071, -0.46960668038791425, 0.46034859110998355, -0.4829069944668227, 0.4592526728568853, -0.42721767464864363, 0.3072142739499649, -0.24410146512465297, 0.24620951502461463, -0.12437419083635329, 0.03671999795578325,S
0.0, 0.7773741703677688, -0.5034538152287622, 0.7262249075108506, -0.396720006350613, 0.498208319688517, -0.33820985010861787, 0.4447985778988103, -0.46096080827994984, -0.025712985998479758, -0.2550502174476043, 0.13751038588635722, -0.08720039784393756, 0.21566111855111128, -0.15674543975260694, 0.25781641430082103, -0.21332462843912506, 0.09319920861272492, -0.1757515675345116, 0.087649910121118,B
0.0, 0.8459702483379681, -0.4790943253261872, 0.663401279600658, -0.26112267100024733, 0.26484154701974705, -0.13085217892502032, 0.2921399134159555, -0.3701096391976332, -0.11257785398582414, -0.1280338990288571, 0.10876025731147239, -0.090373142093844, 0.2193091703669968, -0.21105296131790885, 0.3539893368914632, -0.24877497694929987, 0.1055849518319768, -0.2301962449489935, 0.13675705834413035,S
0.0, 1.901669198884251, -1.2580874645275313, 0.41176631563658544, -0.03718773642293734, 0.5414092838832074, -0.9397384337770608, 0.6875955555563718, -0.5992823108147178, 0.2749803660913405, -0.12339017744968732, 0.1590180857679412, -0.284289238173609, 0.4011987536823342, -0.1952845388390871, 0.17157741175947858, -0.17355526353947037, 0.08626923911396492, -0.07363583812560538, 0.02735500244548888,B
0.0, 1.5756661350717813, -0.8336062867432644, 0.11302231779099431, 0.2136042589773706, 0.39882716835528603, -0.513594141371961, 0.31704755551236424, -0.37627879572131817, 0.05795660741641137, -0.28779972157036904, 0.4222694713951302, -0.3795525438557141, 0.20727151198788657, 0.11243918374462734, 0.03824085750078583, -0.1300276251284654, 0.1314860128116136, -0.18634610676813873, 0.0864420321969877,S
0.0, 1.3526795876308235, -0.7280552024682239, 0.6943930581503621, -0.5188120998916979, 0.6411830875941323, -0.8830747379859009, 0.6128671508584929, -0.5645873764963497, 0.5513525164033048, -0.47335264434331487, 0.46542684460259975, -0.4216266270376591, 0.38723446189080507, -0.37404620492592516, 0.21736056344785298, -0.1313221294915942, 0.17648287084488912, -0.13877155016349607, 0.03932488066198619,B
0.0, 1.382208202721408, -0.8501354130412215, 0.8481619009180728, -0.5728865325557928, 0.5408136373935527, -0.7700862024574162, 0.7507845520685452, -0.6628884454799168, 0.5117256228896251, -0.4614251391494219, 0.4505219839628928, -0.475943845981648, 0.45968526504425244, -0.42162020257369515, 0.30403156517026175, -0.24404959333106155, 0.24084906418593152, -0.12221213018603158, 0.036645228105316396,S
0.0, 0.7778977132998295, -0.49896604896554064, 0.7165265268844782, -0.392178260062045, 0.48796442285712993, -0.3321557123610291, 0.43890108100418007, -0.4497757422222413, -0.02983964877406371, -0.24605687800221243, 0.13092343951570795, -0.08296314051249566, 0.20765221040750767, -0.1554681987169839, 0.2544521005526188, -0.211068597128929, 0.09238943837502543, -0.17308428342289164, 0.08760171495829469,B
0.0, 0.8469892816388159, -0.48087246211923745, 0.6666714266865261, -0.26583288810074407, 0.2678872000321782, -0.13752152871419196, 0.29973952115714225, -0.3762051333450643, -0.10473934208920772, -0.1341949066961217, 0.1142535419750245, -0.0938723228889414, 0.21973206236658377, -0.21055008857395105, 0.3512447652818575, -0.24592359978267028, 0.10408847061466227, -0.22859423882669883, 0.13589087614029638,S
0.0, 1.8875562374126449, -1.2230268923762262, 0.38072217600547015, -0.027960008174176435, 0.531895643141445, -0.9069230019196729, 0.631615731851858, -0.5380560258490374, 0.24070270817899012, -0.10327318357196737, 0.12762753116209072, -0.23916754478136407, 0.3550357708633855, -0.17477918061844228, 0.16135777732870477, -0.15864047608689247, 0.07338958351632248, -0.06641644367360562, 0.026736852661670134,B
0.0, 1.5721709227646765, -0.8251586007101757, 0.10232238763668734, 0.2173703952113566, 0.3967535650697495, -0.5206345502993368, 0.32122364227620137, -0.3656231757180193, 0.054542078027209576, -0.2765118497062469, 0.41121554711660396, -0.3776127899525656, 0.2105779079901404, 0.10176929118829581, 0.03879589726140247, -0.12779366090570188, 0.12911556214902012, -0.17998157327326278, 0.0838289461758494,S
0.0, 1.3548952037570297, -0.7394364908428274, 0.7059696880296119, -0.5218460931782495, 0.6422765230474807, -0.8859588411767008, 0.6216113217924449, -0.5733163899138567, 0.5543257685456408, -0.4761605726704687, 0.47173578485626294, -0.428411116732285, 0.39208099640887745, -0.37816153474939346, 0.2219448889282675, -0.13625380481038002, 0.17894195834643586, -0.14170377053244518, 0.04226426467946796,B
0.0, 1.3956263640701883, -0.8611581002742063, 0.856380368604479, -0.5676633891150767, 0.5340924600257996, -0.7775300539945724, 0.7644974008196622, -0.6845700057038856, 0.5271509203741103, -0.4639206975294044, 0.4541831739276828, -0.4721145296311852, 0.4515079661341988, -0.4178644900495691, 0.29995532288417653, -0.24168845100744826, 0.24723949089179087, -0.1269107258965501, 0.035938357500708173,S
0.0, 0.7830820496364508, -0.49783109196037395, 0.7122210673040031, -0.39894636647461185, 0.48553467778129095, -0.3415108078487249, 0.44335897874461294, -0.4488329712293597, -0.01978970781968244, -0.24889815977260762, 0.13996087501022075, -0.09159844461508963, 0.21096239606943218, -0.161263649664045, 0.25463357611093573, -0.21166090764786138, 0.09390629726937628, -0.16979870205944025, 0.08490029893157455,B
0.0, 0.8461185692860377, -0.47790346413454243, 0.6637917639519929, -0.26622460034972373, 0.26557531290581105, -0.13829125103239157, 0.30353119744286355, -0.37744749046109677, -0.09888461179321466, -0.13856548099294447, 0.11555190086935854, -0.09622775718026409, 0.2196413743445505, -0.21135889042799624, 0.3519748794695977, -0.24519081946009905, 0.10417468001572465, -0.22746742446804546, 0.13490050539015913,S
0.0, 1.8949931059174734, -1.25242306151772, 0.41826190938087504, -0.051992435646304194, 0.529819220458194, -0.8903812121512037, 0.6406678444733288, -0.5698173960876587, 0.2641241983742546, -0.10719279034120908, 0.12564884137057056, -0.24751957042141154, 0.36285122892568245, -0.17273603557087308, 0.16085307174837662, -0.16598495880748132, 0.07902474191094162, -0.06241069900767741, 0.02200183772722676,B
0.0, 1.57164051859968, -0.8267809629898326, 0.11192055261431799, 0.20249596214179674, 0.3934981858993206, -0.5009669601685705, 0.3059766344856086, -0.36755811018895973, 0.07000557359078713, -0.2788340837863172, 0.4029096861897741, -0.36669344749106714, 0.20674716422543327, 0.09317481057241223, 0.04299703802256742, -0.1253815495190473, 0.12001549606605652, -0.17306253954440426, 0.08411944307572936,S
0.0, 1.3554573188953603, -0.7434396513047875, 0.7071371974813665, -0.5220089028135191, 0.6468323263597783, -0.8989192200076848, 0.6420522838257812, -0.5788985164979548, 0.5497372467383981, -0.47387632948047187, 0.47613500224149685, -0.4397601580498224, 0.39838639112454177, -0.38131189475522487, 0.22811287345419795, -0.14335097883406084, 0.18302703226753522, -0.14172629985725102, 0.042514571867080464,B
0.0, 1.3990540391325514, -0.8602566804329993, 0.8611619825590995, -0.5735426966345931, 0.5363371570245746, -0.7871343546379421, 0.7687763055700784, -0.6858726181651449, 0.5288814933910465, -0.4710778685602734, 0.4714615493558172, -0.4891660810994127, 0.4614851076127777, -0.42241843909152454, 0.3078618294450163, -0.2517135049055489, 0.24657776714425325, -0.1282818790771766, 0.036955184297088786,S
0.0, 0.7811390590822662, -0.492749036726982, 0.7081444073709714, -0.3980849902274221, 0.47631737676828007, -0.33776720744851435, 0.4367974889951105, -0.43849094488232354, -0.025165767585716717, -0.23906731615125654, 0.13020944832504705, -0.08235547934324611, 0.2005827917897913, -0.15263775537714944, 0.24496169843631596, -0.20242640336507609, 0.0876129719600208, -0.16403064358274852, 0.08142401971484071,B
0.0, 0.8437621998867647, -0.4712100372603089, 0.6561547114314545, -0.2596096857862414, 0.25503097177953843, -0.13097955703502734, 0.2948448532021263, -0.36675943064713684, -0.10662196556409695, -0.13077575330566582, 0.11088523049029853, -0.09109449606778704, 0.2130433166499451, -0.20477123383644208, 0.34387620964021304, -0.2390370001533097, 0.10060378664699136, -0.22497916283376468, 0.13414396527047928,S
0.0, 1.8670606795736922, -1.1997981796515642, 0.38818369728840924, -0.04692217821181302, 0.5224407424611257, -0.8634377050999826, 0.6110196889553475, -0.5571536681812679, 0.25683828405404674, -0.10350908025176268, 0.1340811372576066, -0.2608330072319588, 0.36667823091841556, -0.1732729161811816, 0.17506593540101134, -0.18729522265558068, 0.08940695800965806, -0.060198585558198243, 0.018787204034839373,B
0.0, 1.567725248250099, -0.8237240045147978, 0.11794567650551506, 0.1917488163274702, 0.39998579077157354, -0.4967306232733122, 0.3021499247787105, -0.37643057888342574, 0.08330337232016419, -0.28547830189180723, 0.3929915619651823, -0.3456934900683225, 0.19440881898476695, 0.09377101090702061, 0.044774456528383744, -0.12399172666239526, 0.11574351640419601, -0.17024992689098886, 0.08364562005717435,S