0.0, 1.6306883449576015, -1.0845190477200795, 0.9164738963425806, -0.8013864618121261, 0.6809066994386286, -0.8262747729598826, 0.7693519911560983, -0.6541258492325459, 0.5548199812938985, -0.5009604898251088, 0.5714749900730427, -0.5343534566769447, 0.40856259651905014, -0.42849153851208993, 0.33830985188790574, -0.2458544385456295, 0.2920972275889355, -0.18975935760190257, 0.04486279680156214,B
0.0, 1.5115130280829006, -0.8580341159661439, 0.7304679041193072, -0.6369211524499583, 0.5583994822497816, -0.7236291081864163, 0.5668159900310006, -0.4345706960695949, 0.4319016508302224, -0.4010213833651584, 0.4636365154333652, -0.45512644140509884, 0.3317824056943511, -0.31138246287322263, 0.24886652749788496, -0.18392389666981707, 0.21117664741906522, -0.17448231717086393, 0.076213892669986,S
0.0, 1.2634991981383639, -0.6281082730502493, 0.9028127820870817, -0.9058511349532, 0.6427017620539196, -1.0907441742715065, 0.7421272218326542, -0.47604828011774125, 0.6974909038550979, -0.5675776635489964, 0.6634449958575351, -0.6541681901359025, 0.30252972784015536, -0.36955667933223074, 0.34746126173995634, -0.1668381936948072, 0.16667484688861292, -0.19170790696907303, 0.0695142790648012,B
0.0, 1.1884238305862893, -0.5427265565781295, 0.7970967781906221, -0.7901903614736878, 0.4787614876332057, -0.932929508357426, 0.7246992305237292, -0.44006276489553126, 0.6327030701640698, -0.5199960961768348, 0.5739126046364453, -0.6719152635558309, 0.3474706062251938, -0.35557001232640006, 0.4554901872512265, -0.21713331440571168, 0.08949432871458683, -0.16953511614727243, 0.08988703687493334,S
0.0, 2.277831621565553, -1.8577485511571519, 0.38457126022610993, 0.5140554342350729, -0.2889258862234233, -0.4772426184184837, 0.7592581404106986, -0.6090974215331506, 0.4345135228356475, -0.2802959200557268, 0.308054499877453, -0.38235363366904573, 0.2604866095709903, -0.17067463676780648, 0.20736932450395695, -0.26569720790832524, 0.2243506898405656, -0.1262880323515297, 0.05060502960180106,B
0.0, 2.132708868957878, -1.763758602853472, 0.6228035815919145, 0.2367712586547892, -0.20389839906216645, -0.27306109081671176, 0.4029670938128368, -0.5004328859793422, 0.5970113216585791, -0.4031878379098814, 0.20924135184492512, -0.1591484013677563, 0.1772198198525093, -0.2196772048674663, 0.18348064786130766, -0.16237484640417307, 0.15087928129101588, -0.1300109497779007, 0.06849328931263314,S
0.0, 1.6247802029290062, -1.069446268653889, 0.9110073438907945, -0.8023273978126069, 0.6728101105211987, -0.8109233392157007, 0.7522249669909994, -0.6499911858601163, 0.5598987160800555, -0.5079347323362284, 0.5734286551942311, -0.5106909462116651, 0.3777834921333715, -0.40911838764904845, 0.3236665047893841, -0.23618174105251702, 0.2786771417296553, -0.1727663744316991, 0.03806921322697666,B
0.0, 1.5235185240804248, -0.8795083660041715, 0.7481273252596242, -0.6616913434613397, 0.5912197306455583, -0.7661453348336609, 0.6133593024777143, -0.466822212152384, 0.4531876243387521, -0.4263015911177689, 0.49852046636376235, -0.49374313258972596, 0.36434578620060487, -0.3354690994055464, 0.2704828276803747, -0.20366994897119634, 0.22911207228926153, -0.1885333598439248, 0.08160080113454503,S
0.0, 1.2479145333143575, -0.5909738121171796, 0.8614686906996907, -0.8621165749308135, 0.59447257238156, -1.0477255398621583, 0.6933242494147094, -0.4259876230042095, 0.6518812038616901, -0.5222888710244815, 0.6215787236472052, -0.6139198014551749, 0.26167934447724506, -0.3380129784577801, 0.3236972237414666, -0.1466071409350147, 0.15343003374347078, -0.18237677441147748, 0.06463258368939943,B
0.0, 1.148764862258561, -0.4585954398062517, 0.7247991622941343, -0.7319300957608249, 0.41702991570498527, -0.8900454231057856, 0.6760040302902705, -0.38615129581423285, 0.5848685390955725, -0.4664057943311203, 0.5153178478043804, -0.617199005444541, 0.2910935135965843, -0.31273798934117264, 0.4297080005799777, -0.19654242808840022, 0.08405779376733465, -0.17799644558117916, 0.09603469744554016,S
0.0, 2.292692302946769, -1.8873641381201702, 0.39232926973591653, 0.5428579223420933, -0.29935713932122604, -0.530574968995996, 0.8300937738502815, -0.6224759645848844, 0.3973110781748491, -0.264110150280855, 0.3406327318946992, -0.42507826670344123, 0.2756246483491196, -0.1647668755779728, 0.2122215754262621, -0.28684118551690024, 0.2458778535815783, -0.13781180410328658, 0.052479417790360534,B
0.0, 2.12230657912303, -1.7308167646903418, 0.573667771619032, 0.29016794814120217, -0.2511797135976951, -0.23500234439284073, 0.3732859017522508, -0.4825014842175961, 0.5791530710164275, -0.37797902832867275, 0.18270547818319247, -0.13346326605524453, 0.15402845587894656, -0.2002293311141669, 0.1663076648085477, -0.1480781310943598, 0.13839860314059374, -0.12074476499746516, 0.06548975962176597,S
0.0, 1.6324851557566724, -1.0847689748151979, 0.9258148966106111, -0.8132668176650085, 0.6729853066916779, -0.8107807270763053, 0.7588426958146763, -0.6584150873027661, 0.5627268394981357, -0.509835702731471, 0.580347997724306, -0.5165323052367345, 0.38005963908945445, -0.41197057914358814, 0.3269196500974488, -0.23753752989475788, 0.282338145263883, -0.174294923435334, 0.037149063151220116,B
0.0, 1.5234709513553668, -0.8786090319655985, 0.7506198044850757, -0.6665305258958428, 0.5945465504315275, -0.7661513204903285, 0.6122540148088405, -0.4669574027000235, 0.454121707189089, -0.42625301653635356, 0.4955433060788324, -0.4893917833900754, 0.360509869569485, -0.3330848089767932, 0.2700950839043485, -0.2024801441631136, 0.22460021751628492, -0.1842548227359412, 0.07952590658529136,S
0.0, 1.238865548076916, -0.5673755367469248, 0.8439861533742317, -0.8500263025634248, 0.5790630909382812, -1.0440063273105875, 0.684852959629947, -0.4178415309545281, 0.6470858883762414, -0.5121582864212275, 0.6148626101900118, -0.6085974730533276, 0.2496872873899027, -0.3331480732607123, 0.32390946801517323, -0.14577726375626224, 0.15832784080586948, -0.18594129109221402, 0.06450568554431717,B
0.0, 1.1225410095130326, -0.3972028695388173, 0.6825628655020004, -0.7112752588681112, 0.39665640761460413, -0.8970955674540543, 0.6704153338177664, -0.37941815731618794, 0.5915908964739138, -0.4635967186514201, 0.5085405495004072, -0.6145816564264103, 0.2727388705121538, -0.30269080631922934, 0.43908312018276113, -0.2032765300662073, 0.09562289039031467, -0.19397150872106367, 0.10498982431843251,S
0.0, 2.29515165133163, -1.8955491054632458, 0.39620802802282623, 0.5481790054334926, -0.3046393751949406, -0.5327599175534535, 0.8377024083103951, -0.6247519792741655, 0.39257859616096025, -0.2611363920149747, 0.34261463359684124, -0.4263290610986692, 0.2732809947270512, -0.16285194535740377, 0.21327421586159423, -0.2871136400823268, 0.2443542562273545, -0.13818653926649088, 0.05341905896459047,B
0.0, 2.1165897814488868, -1.7083041964248395, 0.5324962018070605, 0.32855998169105893, -0.2701817771647935, -0.22961736487368362, 0.36285990091205605, -0.44893822086894525, 0.5308691252160704, -0.33990254682481613, 0.17222832935816143, -0.14113039782692957, 0.15385024245813433, -0.18740268025974033, 0.1453176003347275, -0.120933810025258, 0.1127036481042051, -0.10193218365317072, 0.05816815600865614,S
0.0, 1.6226615660273531, -1.066229413314326, 0.9051191712212673, -0.7842625023253308, 0.6349031022711082, -0.7600820250542853, 0.7070135171050161, -0.6155011185178746, 0.5252905504061341, -0.47171495242422623, 0.539934514850556, -0.4810127393684842, 0.35707169944034395, -0.39747086244995933, 0.3150595491729296, -0.22679964348376846, 0.2694423899683386, -0.16449684040924062, 0.03473409113516583,B
0.0, 1.5215618567103775, -0.8755824789111446, 0.7537291846690205, -0.6728843513509608, 0.5992304228439812, -0.7661542175114668, 0.6062743041870876, -0.4629545934274085, 0.45874794970688804, -0.4325165880448497, 0.4958597012319926, -0.4857537890427233, 0.35976967537946214, -0.33819508952330074, 0.27536117080623657, -0.20417600435468275, 0.22128780959400893, -0.17733959606191074, 0.07530404267361994,S
0.0, 1.2292105474076893, -0.5440487270990779, 0.8256637994996494, -0.8357898846919227, 0.564542096016124, -1.041650995536282, 0.676673943979228, -0.4078627336630722, 0.640518056274329, -0.5042853153259533, 0.6113932662796184, -0.6054544315604524, 0.2421123659859815, -0.33531669781689577, 0.3326168629203999, -0.15152556685812604, 0.16642822574158694, -0.1937828842198178, 0.06764108268591082,B
0.0, 1.110347113494893, -0.36581910088688874, 0.6602089983778844, -0.7017211602351793, 0.3897982636730323, -0.9074973068373194, 0.6716066179486454, -0.3839317383916149, 0.6059917816772854, -0.47061534201729016, 0.5125740478886862, -0.6179142519277808, 0.26190748468566327, -0.2977047816990808, 0.4497020244752817, -0.2115090218743827, 0.10605804262208227, -0.20516296012449273, 0.10988800220564503,S
0.0, 2.2985989270633986, -1.9022843390765014, 0.39880795405611424, 0.5514648916393664, -0.3116816411719099, -0.5299398496359203, 0.8462045014833225, -0.6386194666427808, 0.39943485435529263, -0.2599131002818188, 0.3394677148597793, -0.42490988480569514, 0.2727010606138241, -0.16139574521183964, 0.21500547480739543, -0.291818238899382, 0.2480340404748872, -0.13914978189232538, 0.05319202860459661,B
0.0, 2.113680897747388, -1.6990282749421115, 0.5214182264027019, 0.337730990709173, -0.2819229647905538, -0.22455123152396742, 0.3750898145125116, -0.47168718980142765, 0.5437493340238313, -0.32917050516168317, 0.1504848388342082, -0.12341034589952701, 0.1462021571166323, -0.1911668800556983, 0.15600823005270917, -0.1348408253327106, 0.12504219403404565, -0.11020696955075249, 0.061527771312745075,S
0.0, 1.6280513058890116, -1.080494850470114, 0.9295797792865504, -0.8131990680026271, 0.6704911505613023, -0.8105875837866696, 0.7581859759296187, -0.652512186310895, 0.5494222770952725, -0.49948672687108137, 0.5849071696091467, -0.5289847138046896, 0.3900819649146958, -0.4150636955407241, 0.3215087168211431, -0.23390257347456236, 0.2884735875031486, -0.18104234413070106, 0.03892452045650191,B
0.0, 1.5210302924189596, -0.8700524241464603, 0.742913574834095, -0.6559955676641258, 0.5727680100141604, -0.7335516008818559, 0.5744882790373018, -0.4347105000726162, 0.4331781744468089, -0.41018922946933734, 0.4740473920847477, -0.45898493200197377, 0.33395534353992057, -0.32018696271367997, 0.2616615885857118, -0.194049031656513, 0.21238826550845144, -0.1702388624793483, 0.0738315767385118,S
0.0, 1.217024143664962, -0.5140379877399212, 0.8056559714755138, -0.8197782262676282, 0.5464496865170239, -1.045632451554035, 0.6721493933204543, -0.4042601029911734, 0.6462732322602357, -0.5064162208339719, 0.620088315413099, -0.6154340582247779, 0.24078773055883548, -0.34594835657255996, 0.35206727806611277, -0.1624992868953732, 0.18069691016486988, -0.20889857917019072, 0.07396567609100067,B
0.0, 1.0918172543107856, -0.3284033312002124, 0.6427266288774682, -0.7037949079054646, 0.3900071445131728, -0.924848601041248, 0.6810489957425024, -0.38739862411292725, 0.6180499692106577, -0.4776546544631653, 0.5158117586600196, -0.6254310435672573, 0.26065777800000667, -0.2980219381457014, 0.45663214733250385, -0.21491879762676264, 0.11418859434772831, -0.21631521379328708, 0.11526530806165752,S
0.0, 2.2803454838698953, -1.8612834503678302, 0.37654840087106783, 0.5308077925892448, -0.2897287122123463, -0.5056419838999009, 0.8036102400413248, -0.6448621343498312, 0.45799410457225215, -0.29978229629432485, 0.3146279858248601, -0.3702067491978427, 0.24898570548735371, -0.1784821194393943, 0.23486231897238863, -0.2946620318516097, 0.24299969523716147, -0.13689392362475453, 0.053830972320685566,B
0.0, 2.1264960799092796, -1.7232126234964613, 0.5345466383248019, 0.3477035002775993, -0.30628845001710553, -0.2140711470005868, 0.39654712003376025, -0.5060810935968251, 0.5630502047018232, -0.3296449630572343, 0.1453928564712297, -0.12045149993925526, 0.14467166274556253, -0.19311085014470625, 0.16420899485321408, -0.14202347111180944, 0.12485045002517427, -0.10284588391988518, 0.05623291839453285,S
0.0, 1.597955845538592, -1.0236785231737164, 0.9107106671196264, -0.7885522616203208, 0.6340623946579921, -0.7747410068887602, 0.691330676346155, -0.5874881278171197, 0.5382743560924402, -0.49657520100524344, 0.554633610966294, -0.505041977339162, 0.37988272010598284, -0.41483563824056763, 0.3495031320462849, -0.2669896028582034, 0.29257100012960036, -0.16861656285069074, 0.030170154612130514,B
0.0, 1.5009393480028634, -0.8481103827748881, 0.7345034038883971, -0.6534114434799859, 0.5983450240725873, -0.776403200087713, 0.6081904179605606, -0.47064449958853033, 0.48399591747260007, -0.45307928747529563, 0.49836286865025864, -0.4845435001149194, 0.3579569842688142, -0.32869217265453005, 0.2607949037927826, -0.19170901671318027, 0.21745770880315643, -0.1835847742924763, 0.08091097042080721,S
0.0, 1.3454416410032244, -0.7489092231858391, 0.9983258296627442, -1.065533773713734, 0.7305259874231602, -1.0923554007959386, 0.8705256639995438, -0.5088828331515926, 0.5694137832401187, -0.5369062687483251, 0.5661585075904453, -0.4705577627812975, 0.2175429313546135, -0.29134270351015856, 0.2670285793203608, -0.14822709141857848, 0.13286329269514677, -0.137091020635638, 0.05303544875283763,B
0.0, 1.2628966075552008, -0.5946497630052276, 0.770154377592948, -0.8473001959229889, 0.5639402074212794, -0.9847071788272499, 0.8806157882525091, -0.630333542180319, 0.716221014931082, -0.5591703040565107, 0.5401217198307203, -0.6214108369975433, 0.30579443388451066, -0.27381423611292777, 0.3956504680956725, -0.20092402521708275, 0.08134160200981112, -0.17039124855251545, 0.09787889961511687,S
0.0, 2.390453296316289, -2.049416559258908, 0.5111233671973674, 0.32820591584838765, 0.008013141883678673, -0.7166613599618327, 0.8615177141538353, -0.5917840444937313, 0.39393759334984, -0.33718166773736463, 0.395835707993436, -0.40428516701796435, 0.3188268993704267, -0.3289086379357182, 0.3314940613693099, -0.2800623954322368, 0.19863550268045652, -0.09810400893881756, 0.034699055247862584,B
0.0, 2.2775328772533694, -2.015087556855238, 0.6258632360736327, 0.44755541259688497, -0.33866109735343725, -0.3580804289183673, 0.5308280316430689, -0.3935109303289254, 0.39974273629541623, -0.3674991088005524, 0.2934676507860245, -0.2717844644496464, 0.3119319270691711, -0.3595242253958264, 0.2538724984771372, -0.12463094308723137, 0.08995740173368359, -0.11065029228062442, 0.07595280843472424,S
0.0, 1.6040861395092392, -1.0329213564787854, 0.9171335511917109, -0.7931483906527715, 0.6381416320243395, -0.7848373997360601, 0.7036124589199331, -0.5928857471331058, 0.5368573813878037, -0.4940096411027334, 0.5584284448192987, -0.5133523926080713, 0.384264047133933, -0.41436962530668664, 0.3472426466158662, -0.262988210693016, 0.29152785216677096, -0.16802195196949404, 0.02813565613753711,B
0.0, 1.4987477222221042, -0.8434236927919155, 0.7296598710585344, -0.6471769208398239, 0.5863829503254485, -0.7631773661705353, 0.595921751902005, -0.45996040919513026, 0.47367533231069997, -0.44078536195532286, 0.4885854441342145, -0.4756696488718764, 0.34933278114746313, -0.3229385923542418, 0.2559555012453003, -0.18837621014860864, 0.2157798253366676, -0.1816208968784801, 0.07992738515527778,S
0.0, 1.3290588034499613, -0.7084665413792793, 0.9504688898422666, -1.011009538392825, 0.6648466759826807, -1.0260214941369674, 0.7949972059745594, -0.43140748903957765, 0.4970656533070392, -0.46770927416292263, 0.503070976366766, -0.41276984463033595, 0.16484994297436312, -0.2496115278499298, 0.23335825304696559, -0.12065064748392193, 0.11577283698698523, -0.1270906848490965, 0.04819278533411242,B
0.0, 1.255312550595661, -0.5787420266438221, 0.7596920596887405, -0.8404526138047443, 0.5502170426890944, -0.9735090060484703, 0.8670374049200799, -0.6175543717281754, 0.7086207174153815, -0.5491915306342192, 0.5250858681715341, -0.6061526906769815, 0.29082771679650826, -0.26550437913122144, 0.3940177826665776, -0.20016762433833915, 0.08393116588909898, -0.17394403929410754, 0.0993889354100173,S
0.0, 2.3648489273819258, -1.9840086287181435, 0.4618115768718803, 0.31573791668946327, 0.03738721828317098, -0.6804509165723388, 0.7689474431870243, -0.5343514805195281, 0.38999852140032043, -0.3178613124378387, 0.33059793791866016, -0.3454768752351443, 0.3126498503287825, -0.34143006474633586, 0.313842447709084, -0.2409679480159116, 0.16874139508183622, -0.08741178246320273, 0.03378596198149411,B
0.0, 2.2680414978320433, -1.9754561429156245, 0.5450673155516436, 0.5426854460018941, -0.3923086268301781, -0.36024266958011086, 0.5378013649599886, -0.36155209186865545, 0.3427812603813805, -0.3226292537079862, 0.2654538656765971, -0.23455540896982982, 0.2584260431067578, -0.31593497944068843, 0.2424982966410163, -0.14206117684744157, 0.11223171734301621, -0.11889859360966656, 0.07569264803384942,S
0.0, 1.598648854247983, -1.0221098815820808, 0.9072108274113777, -0.7864592089841426, 0.6369623363768943, -0.7832152941290601, 0.6996170941440579, -0.5880104154905885, 0.5342863340614987, -0.49287384822499547, 0.5542217940207824, -0.5106736402154917, 0.3846258360413196, -0.41215565831963574, 0.3434475920038744, -0.26194063080425317, 0.29098610894280313, -0.1687723162337798, 0.029346813166807907,B
0.0, 1.5017446983306189, -0.84800668514702, 0.7371077070505332, -0.6567231925567755, 0.5939302598449414, -0.771487449002201, 0.6050330644892402, -0.46852576239347804, 0.4833143207969419, -0.4524212749194897, 0.5010777568927252, -0.487220196958638, 0.35956910900876604, -0.33305896638642385, 0.26639735420033744, -0.19617200379826316, 0.2198153114504615, -0.18427915467466713, 0.08131863064545809,S
0.0, 1.3284089686909109, -0.7067494017461728, 0.9509237746000779, -1.0105529941589242, 0.6617828455758408, -1.0245959753671716, 0.7913733562208043, -0.4297348692639042, 0.49735797629856465, -0.4647103834468099, 0.4993099198381077, -0.41004208076380355, 0.16186197015233006, -0.2489946412772709, 0.23457250161261137, -0.12129556289111097, 0.11712587356492266, -0.12831333762091418, 0.04837300200607074,B
0.0, 1.2467834943927887, -0.5629469625836167, 0.7502422138142046, -0.8370233072601709, 0.5489833475332978, -0.9779074562240386, 0.8704375714026239, -0.6223578067458064, 0.7184681056181583, -0.5582331512811916, 0.5310943839114615, -0.6121334645730869, 0.29497848618474937, -0.2715906845919295, 0.40476496215423435, -0.20981605716743149, 0.09153596750660602, -0.1804945231711013, 0.10247196498154511,S
0.0, 2.362573328433291, -1.9738393724332406, 0.4502825687514598, 0.31445725405190883, 0.046156590856780096, -0.6854601445144373, 0.7671733497979855, -0.5312658848818161, 0.39094283860788137, -0.3242920567854581, 0.33897171544756066, -0.3490711053599129, 0.3123189720104941, -0.3438471514748527, 0.3217759490768979, -0.24986217572143848, 0.17449844662773267, -0.08963673713453967, 0.0341636317956577,B
0.0, 2.253814062914601, -1.9330534824393384, 0.5020338591528035, 0.5545158981173689, -0.3936298965746041, -0.33316348497745757, 0.49639658078181953, -0.344511846059457, 0.36036155096971517, -0.3499933820997402, 0.28666040505989143, -0.2505315338964368, 0.2621205666154166, -0.3060491150478958, 0.2297848764265742, -0.13855203799472235, 0.12012683658722109, -0.1262023093066849, 0.07625080186943833,S
0.0, 1.6088448685145584, -1.0422771862885867, 0.924705308890494, -0.7977934274101002, 0.6387832754115819, -0.7859975808157202, 0.7070740956027127, -0.5978160210870176, 0.5401156558527186, -0.49671999364898095, 0.5636493394193615, -0.5154288480533255, 0.38453805519892115, -0.41795174142797237, 0.3511829897171752, -0.26459892987923894, 0.2933815578878798, -0.16842123633573852, 0.027313198301201397,B
0.0, 1.4910537047892667, -0.8367263883544096, 0.7337099973753376, -0.6427903734103508, 0.5591058494736253, -0.7170749559045444, 0.5584794365583207, -0.4374660353505298, 0.44440833061448287, -0.40440231718602154, 0.4541540991680375, -0.44953587990902366, 0.3338373922337951, -0.3170667538461402, 0.2581928390044728, -0.18992824805238856, 0.20697419931904779, -0.17076225294993494, 0.07687064784239926,S
0.0, 1.3252122399987574, -0.6949922656642543, 0.9422104005044395, -1.0065912262953056, 0.6550112716933775, -1.0224506867821068, 0.7854679106293994, -0.4265967172069725, 0.4998428665357688, -0.47003065523184334, 0.5084189129100103, -0.41838389424607325, 0.1667976301000138, -0.25509843889679495, 0.24214919611539268, -0.12716480396277424, 0.125404855565181, -0.13527987909097325, 0.05028214698513731,B
0.0, 1.244172319807027, -0.5606943120640624, 0.7570767265545886, -0.8483111177134426, 0.554278532964942, -0.9820150594670227, 0.8716812628424127, -0.6195270702636807, 0.716928925026443, -0.5582945096857451, 0.5305381768403008, -0.6118530214513188, 0.29394095127571546, -0.27251555242757575, 0.4070806955262052, -0.21079473013601377, 0.09383888280012784, -0.18401491160736724, 0.10441616151386332,S
0.0, 2.35782075616595, -1.9662437661292262, 0.44943427551305415, 0.3089364380122612, 0.04999765730246613, -0.686885080841735, 0.7721989998270945, -0.5383478056515231, 0.39251770898108596, -0.32170642060068116, 0.33908945656003314, -0.3508823647733982, 0.3125112661119977, -0.3445522437754849, 0.324286947000883, -0.2518909081746496, 0.17482043243691242, -0.09060411440426755, 0.03532532741745724,B
0.0, 2.2652276257452355, -1.9537180455026486, 0.5019632636518652, 0.5923867160651602, -0.4446980441279573, -0.317698347136769, 0.5233763231785077, -0.3733210916068969, 0.3673094229494329, -0.33896422612549537, 0.26342183541386, -0.21597333468112595, 0.22836887180461587, -0.29117781418617805, 0.22839060076480006, -0.13408643517548252, 0.10705826166391179, -0.11073345850991335, 0.06933510279174587,S
0.0, 1.605647320913141, -1.033215841707692, 0.9089357549537596, -0.7790829550888537, 0.6240979492346781, -0.7727495420791841, 0.6943165032208302, -0.5899480759839443, 0.5347777712917812, -0.4942314257120653, 0.5659101494844108, -0.5202322107239351, 0.38861217520580355, -0.4191064783081831, 0.35246342622209137, -0.2665028447346878, 0.2941060542236161, -0.1697968545556426, 0.028458806942200005,B
0.0, 1.4958224968628195, -0.845515820147197, 0.74089385204013, -0.6493469093854167, 0.563077079492976, -0.7198986461773201, 0.562072019428579, -0.4423506314653471, 0.4484545525375156, -0.4092245197257588, 0.4613086106840537, -0.45246656131151936, 0.33370251061678136, -0.31921108552732635, 0.26115835163428863, -0.1919540034924997, 0.20787961093916346, -0.16990726386105837, 0.07629112807167378,S
0.0, 1.323080449878334, -0.6863888177772892, 0.9424445593568969, -1.0137661136699527, 0.6557251219509785, -1.0271307103352436, 0.7834310700263455, -0.42431083814562653, 0.4999078938769239, -0.4667371781739373, 0.5048067331042644, -0.41410056734186695, 0.1611266311782869, -0.25515576401983997, 0.2439412703856222, -0.12534203264462818, 0.12829872942744183, -0.13926729968188778, 0.050560970369392125,B
0.0, 1.246739877575921, -0.564054903844321, 0.7660870092299407, -0.8600418263709482, 0.5634802831757633, -0.9952806855570855, 0.8892943418143546, -0.6407170420229046, 0.7390808469655574, -0.5742394661385498, 0.543359268080382, -0.6219737327332023, 0.29977049013827284, -0.27803964518252133, 0.4119762881316226, -0.21517337811643356, 0.09689176962182364, -0.18208799780885426, 0.10087176022263653,S
0.0, 2.375309607057122, -2.0046952558548052, 0.45477669819255806, 0.3703517124137069, -0.009304544660089169, -0.7155021791680396, 0.8643036729150002, -0.5978410071427631, 0.3905043690085276, -0.3195572839583214, 0.37574384007329176, -0.38660173561009553, 0.30738420041388614, -0.3209319467178167, 0.3199816216256245, -0.26683964819601635, 0.19050291124198268, -0.09765806861641618, 0.03613371063650355,B
0.0, 2.269371589156609, -1.96678864601905, 0.5370570605866175, 0.5363321511102181, -0.40747942378004814, -0.31392338823928384, 0.5018379404269971, -0.35657660329890656, 0.34831412897993785, -0.3084138321421076, 0.24924198041382567, -0.24116706811044772, 0.27285151595995855, -0.3298499305627392, 0.25312113316970875, -0.14589043630650816, 0.1105558162653233, -0.1097473703781609, 0.0675704766939422,S
0.0, 1.6019258573900907, -1.0113710687453121, 0.8665363186828291, -0.7459668136388137, 0.5981445550442187, -0.7468022152355804, 0.6552691546109978, -0.5304734427195599, 0.4910219418277509, -0.46131961813561306, 0.4988022035273791, -0.4448748052158216, 0.3397237282728697, -0.3886021527089564, 0.29521478847869836, -0.19879198010154261, 0.2580201459470401, -0.14459678615248403, 0.017167388898944157,B
0.0, 1.5163293770525792, -0.8617406087755868, 0.6957794861093519, -0.6029488067836003, 0.5454456992107671, -0.6297538564453647, 0.46637660678262494, -0.4194541714406332, 0.41887240040365364, -0.423268523099819, 0.47218969706726416, -0.3969938275025961, 0.35228252401256194, -0.38400497908358755, 0.31409511081812297, -0.2356937773669345, 0.21274991465618, -0.16495389814144423, 0.07623678535762383,S
0.0, 1.2711616343596843, -0.6432492663275344, 0.9117909475864445, -0.9303237540810347, 0.5461936685604294, -0.9405714377663431, 0.6973626403765107, -0.3170221232547152, 0.4053919293697191, -0.3639301413339961, 0.4443775758017906, -0.45241713045076704, 0.21559926436164897, -0.32737135998574435, 0.33056513594608355, -0.14140255125252163, 0.10974849810566127, -0.13474999845673893, 0.03641461565914391,B
0.0, 1.1707940811714082, -0.48103382049964205, 0.7204084004241491, -0.7939015212989916, 0.4481955459116918, -0.8968915645552265, 0.8162970809995227, -0.5545408499638815, 0.6647229574788808, -0.47085681264884943, 0.4546617531007147, -0.597244623731304, 0.24779901230774867, -0.20992541460164332, 0.38911968856612283, -0.18147768454543003, 0.035203288897415974, -0.15298816501770224, 0.10251436504120211,S
0.0, 2.255587333850491, -1.730561691357295, 0.2044705705079859, 0.49611435479583604, 0.015984185040222105, -0.8430316091365937, 0.911006020388726, -0.4312764081468257, 0.06477847913379699, -0.036211027625379706, 0.34406580208537985, -0.5761702957722578, 0.416673807445583, -0.21723385144123178, 0.20876308309433603, -0.2949584197043001, 0.2790746496684708, -0.15860309124074287, 0.05597743058649725,B
0.0, 2.1642033387460056, -1.8141447799946095, 0.5732100319789456, 0.27962959619138283, -0.027518470208383126, -0.5587553179208763, 0.5295747854525013, -0.3385314058763503, 0.36442456258343014, -0.37025163394662935, 0.33585976990241767, -0.27537841660331314, 0.23424599927466372, -0.2937649734698969, 0.23998519614569241, -0.17285169015537133, 0.1577137243844025, -0.11841869582331248, 0.0593793803159385,S
0.0, 1.5959997955477154, -1.0067026790291222, 0.8659661140535342, -0.7400965105714461, 0.5854414490827944, -0.7297638576805457, 0.6442429206295769, -0.5185749555764873, 0.47346209255739896, -0.44849624139962624, 0.4892895859254379, -0.43612888508092684, 0.3309986694193703, -0.38136162787908245, 0.29292756838677636, -0.19731530807491662, 0.2549147386896198, -0.14548881175819905, 0.019728482729399522,B
0.0, 1.5234155877927136, -0.876644366084166, 0.7093560241276636, -0.611805477224212, 0.550569647330132, -0.6356373669524509, 0.474406645024115, -0.42450420233915637, 0.4197058637735034, -0.42530964202521365, 0.480961598081089, -0.4082340760683262, 0.3599527173664985, -0.39016764171878193, 0.32184152901139923, -0.24321106818016297, 0.218844050442409, -0.16857947231452436, 0.07687154284110231,S
0.0, 1.2511268337073467, -0.6008800552021496, 0.8695541865137024, -0.8864558868393765, 0.4938205057925301, -0.8913274186688104, 0.6431425531419349, -0.25808497936673086, 0.34698686527508044, -0.30513047091566997, 0.38751190177093114, -0.3975390641422732, 0.1617390072698384, -0.28033899729705647, 0.28934907697686657, -0.10752725500432911, 0.09074295998866862, -0.12701182076697304, 0.03357443691737051,B
0.0, 1.1605760921111812, -0.46174600161234686, 0.717075075230155, -0.806126370906157, 0.46006983542136143, -0.9187253325273619, 0.8358221900257925, -0.5710488644470437, 0.6806081096969786, -0.4787984577242578, 0.4565063908685523, -0.6005078176092611, 0.24711352639761128, -0.21298995358986889, 0.39982951535156525, -0.19130031580766899, 0.047775321107704105, -0.1660692540305128, 0.10896153863043814,S
0.0, 2.2567201719130416, -1.7252888552207635, 0.18879370729005013, 0.5128816032748547, 0.0028820955667345654, -0.8364606694445126, 0.9064996165459748, -0.4227111856657391, 0.051437955386481556, -0.022336045511959727, 0.33598111612777465, -0.5710837904264834, 0.4081848263758454, -0.20684050824302413, 0.20041465309817694, -0.2892257465898111, 0.27473336643633883, -0.15430475443323372, 0.05400820662499106,B
0.0, 2.168516448805591, -1.8159949781553353, 0.5478006994635346, 0.33009751258237735, -0.07972771364024217, -0.5301688317743496, 0.5231076658887498, -0.33286808830073933, 0.3379936936258612, -0.33648061217933917, 0.31503535814689837, -0.2524094584599287, 0.2038421267992726, -0.2663325066551697, 0.2292873169367341, -0.1715849285158559, 0.14971800977384783, -0.10607031414799178, 0.05356703879037192,S
0.0, 1.600271662729483, -1.0136313993883277, 0.8726241363328819, -0.7456918868272737, 0.5815789144832446, -0.723469131706087, 0.6440372826518526, -0.5203116255665882, 0.47332728819877434, -0.44748856470765735, 0.4865988659255933, -0.43230602829116027, 0.327175222729561, -0.3799009597500864, 0.29327267958066106, -0.1958055248598016, 0.25169061243054686, -0.13910472160790105, 0.01589632916409695,B
0.0, 1.5291363808030354, -0.88517153325688, 0.716763881704217, -0.6177717131238603, 0.5579903345350776, -0.6469942464633408, 0.48852990556011516, -0.43783799351350133, 0.4270662991174317, -0.4315459161458416, 0.49002169976214444, -0.41534213688631777, 0.3658747852834036, -0.39815261363822096, 0.32778109175817205, -0.24584340607798372, 0.220902601896848, -0.16917073091422014, 0.07670488947599764,S
0.0, 1.2478226377162966, -0.594310774914157, 0.8709146033469973, -0.8931783294700769, 0.4981942588990644, -0.8984939860885559, 0.644184291734743, -0.25766993545524147, 0.35109039054936414, -0.31128137751619517, 0.3952259219372922, -0.40531342181207103, 0.1678935470620122, -0.29055332288363495, 0.30204624755775117, -0.11790646118623113, 0.10037256865270337, -0.13442587769812506, 0.036814992568828635,B
0.0, 1.1505203434282218, -0.4424922339575311, 0.7120589058662238, -0.8137164021730545, 0.4646824278280355, -0.9346024967833084, 0.8490924886579974, -0.581137401368096, 0.6942946739437548, -0.48859958339582765, 0.4649010849392813, -0.6125593209394702, 0.2505175399945327, -0.21539133810715236, 0.40735776013050096, -0.1950972203103657, 0.05604479266809726, -0.1777971182224142, 0.11478658527029811,S
0.0, 2.2560447362591587, -1.7187364648989996, 0.1808229723644785, 0.5089634873092056, 0.011717528452439058, -0.8393645148126258, 0.9020693034994127, -0.4184303402605976, 0.05337562369445937, -0.027797474918762985, 0.34094067189943994, -0.5731186382387332, 0.40676924245025525, -0.20644456005847048, 0.2076182070012076, -0.3024505091178864, 0.28857045722873037, -0.1621062814575727, 0.05544809719881154,B
0.0, 2.1751240565241767, -1.8310780278784635, 0.5600971387040465, 0.3233005759573163, -0.07427189951916315, -0.5381248366880338, 0.5332294058495234, -0.3413045704766352, 0.3436401857208696, -0.34331237787685365, 0.32392419843769, -0.2587676059489695, 0.20721702358203842, -0.2675789271890045, 0.23073347473597572, -0.17255533836071485, 0.1496162832505523, -0.10775164495626119, 0.0550677237585923,S
0.0, 1.603492031006785, -1.0237662638299672, 0.8871865519205662, -0.7579864498315013, 0.5936145031828315, -0.7414526990138018, 0.6689953345107256, -0.5442304240003545, 0.4890458150702004, -0.45514341770065625, 0.4933251009762917, -0.44583488223522094, 0.344455482939237, -0.3954533729622734, 0.30487103979141467, -0.2044843643547795, 0.25979342206823364, -0.14375605266303865, 0.01635611136456632,B
0.0, 1.526966821297315, -0.8792853358873635, 0.7079834854180536, -0.6061188999234295, 0.5380508959987497, -0.6188491483212505, 0.4656288141266011, -0.4199170100751061, 0.40904506189345646, -0.414990127155244, 0.4701575810704544, -0.39462579022934513, 0.34710447874866995, -0.38290695167246636, 0.31846054067461504, -0.2373565535595413, 0.2128567318558949, -0.16352055371171198, 0.07384585724595315,S
0.0, 1.2429534205761987, -0.583572876583422, 0.8667865196633685, -0.8930651617216186, 0.49698503784424497, -0.9033066205995113, 0.6433231245229135, -0.2557216993136848, 0.354174172073165, -0.3142710421481526, 0.3971692806258916, -0.4039656352154132, 0.16132857138749418, -0.2877898863902628, 0.3041711264927653, -0.12069342428866872, 0.10539015483934633, -0.13916663762805181, 0.038781431932167695,B
0.0, 1.1455590887349536, -0.4407277500303261, 0.7215137261378682, -0.8289795352752489, 0.4755790763803742, -0.9506346202587161, 0.8652473603784321, -0.5935261088880556, 0.7119931518516716, -0.5048288762360295, 0.4747280781680067, -0.6233822015033492, 0.25529792237981813, -0.21716801879105185, 0.41283112044030634, -0.19921452375952278, 0.05965586363370235, -0.18167217536370864, 0.11634949035330594,S
0.0, 2.2502603214004444, -1.7060700036169643, 0.17464039018805141, 0.5003833560408877, 0.023246214845328603, -0.8371497126693461, 0.8869460011440506, -0.4065762907294071, 0.0531729974344217, -0.03334528129829633, 0.3423212818339341, -0.5668196265155674, 0.39981110460447633, -0.20722208249808113, 0.21386656012763305, -0.3044757131818435, 0.2833177910062747, -0.15598178645853492, 0.053309269949127415,B
0.0, 2.1906762707420935, -1.8698527617515308, 0.5886199990746614, 0.3352096899285913, -0.10422814139138878, -0.530070022190887, 0.5508289990357337, -0.36210558784279046, 0.3613773154447388, -0.362223196766413, 0.3366512730989782, -0.2581741480745416, 0.20162787976090568, -0.27573614958889026, 0.25040245073015865, -0.18026122044929302, 0.13902731915310326, -0.09208352483450076, 0.0478285792130567,S
0.0, 1.592928835436562, -1.002353185020768, 0.873384044463781, -0.7521546999953932, 0.5876406484650423, -0.7265747386475296, 0.6452125733391326, -0.528018137842656, 0.48741547099078436, -0.46100294217211313, 0.4953748583753576, -0.4374580554141273, 0.33222745309977175, -0.3882657131085869, 0.29963741935062993, -0.1979490084643718, 0.2527919940713935, -0.13799447248652688, 0.01406770035841559,B
0.0, 1.5301486876864745, -0.883223850430868, 0.7120385680686665, -0.6079591094814476, 0.5319832359758855, -0.6069804988670363, 0.45367968789341023, -0.4119972029815272, 0.40479300828109827, -0.4137531609955233, 0.4677887189808477, -0.3869459012641227, 0.3387900291420842, -0.38048719696888783, 0.31825799130392624, -0.2359354721960893, 0.21229407939783823, -0.16117923622205577, 0.0713353960218771,S
0.0, 1.2378277354809053, -0.571940932853925, 0.8577128919968036, -0.8858414522588596, 0.4879746452645888, -0.8962140614921041, 0.6333526766662775, -0.24512667341700617, 0.34734574515093136, -0.30922603420533756, 0.39290894811622623, -0.39963271861010324, 0.15491310177992548, -0.2848045374042325, 0.30617263011712936, -0.12399482448065934, 0.1101624017326531, -0.14394437518430472, 0.040688603225590564,B
0.0, 1.148898021160894, -0.4273624263541173, 0.7062986901595738, -0.8174928641310608, 0.4640835867287748, -0.9368721133070639, 0.8447626872579674, -0.5682863768403414, 0.6822128774416674, -0.47846707982702835, 0.4603869054022472, -0.6133635855779576, 0.24688895214693893, -0.21096198914431466, 0.40251174266627954, -0.1926361368186418, 0.05319216199851762, -0.1763881466830293, 0.1147695065673269,S
0.0, 2.2492062493378713, -1.7084631795972247, 0.18252018809013315, 0.492655079474347, 0.025717555802601353, -0.8368882740025112, 0.8892220587532458, -0.40751444168847145, 0.051351414203581816, -0.033436780529431956, 0.34655142842302344, -0.5729865513751746, 0.4038723814751728, -0.21160795537188665, 0.21731374723842375, -0.30217575062548074, 0.27536828282401493, -0.14572209484672013, 0.048288083669752575,B
0.0, 2.1876075751482222, -1.8551298735322161, 0.5815437457780129, 0.30652136810818215, -0.06545784620727592, -0.5199910588677819, 0.47997962725357346, -0.2862303503888764, 0.32714123298862446, -0.35698223469233065, 0.34259799541171065, -0.28318563293446125, 0.23878321013663822, -0.2940305809557926, 0.24121829366407113, -0.1675002031593671, 0.14122004409446415, -0.10184733537932616, 0.05171949776427099,S
0.0, 1.5855634045527522, -0.9844319697556672, 0.8490895188009315, -0.7239340045853027, 0.5604352352815254, -0.6995742661330349, 0.6151535362219039, -0.49803219171825497, 0.4579441177800811, -0.4316235277830675, 0.4689714337688312, -0.41535416607651443, 0.31292793817687475, -0.3696703194404438, 0.28377104884713444, -0.18644658755882978, 0.24315333279868057, -0.1324953661174568, 0.013236728607790104,B
0.0, 1.5251016865871583, -0.8825330064642171, 0.7051320494074151, -0.600755525738103, 0.5181176742523923, -0.6078783812006838, 0.4979578938656897, -0.42039931165331923, 0.40533199060692027, -0.41517979297596763, 0.4731350791378873, -0.3963960075560126, 0.31559472524542403, -0.3598481528856968, 0.28903039444316747, -0.21117206618616105, 0.23246019984111005, -0.17304191193046842, 0.062456462908020226,S
0.0, 1.2822571649759829, -0.5832185950145634, 0.8335137461740005, -0.9347026844138963, 0.5699539562193663, -0.9802471399201627, 0.7920876717399641, -0.41306879888928405, 0.5127376568424035, -0.4638752989342291, 0.5272065045274883, -0.5447927834685111, 0.269900924899499, -0.3389103575916709, 0.35792821159887106, -0.17239656440756643, 0.12152142212598092, -0.13780414378843203, 0.04473955078323493,B
0.0, 1.106662955592354, -0.35864704938016007, 0.7055186737322324, -0.7812584429982982, 0.40415907884888147, -0.9433401703630614, 0.8510572713103168, -0.5312048826074591, 0.6877488827379198, -0.5602417288216616, 0.5059650919954186, -0.5785831367337254, 0.28824653061572536, -0.28001036127143647, 0.40889812895353694, -0.20573814645058386, 0.096432656929044, -0.19592670327344033, 0.11084076574050933,S
0.0, 2.311583298616121, -1.810631148684418, 0.2023569237771683, 0.5626764609743832, -0.021912568222020045, -0.8441470662086671, 0.9398814497009259, -0.551706301489856, 0.2745299478094349, -0.16710005744104006, 0.3216906013677698, -0.48120448915537506, 0.3282684053789734, -0.1891542832386761, 0.22570310048663803, -0.29167156372937014, 0.25312442259884577, -0.13760328145021591, 0.045923414303789226,B
0.0, 2.2803397596931805, -2.029068851755484, 0.6678921381674668, 0.4143615082101205, -0.33994792737976526, -0.3957233511522548, 0.6518812740114005, -0.49612777434966676, 0.38314194620843206, -0.3569237947079352, 0.38469218858856896, -0.35733575257747574, 0.3433899480328741, -0.37698414851118084, 0.26446907140717496, -0.15923776171890944, 0.12212982535706006, -0.09027571186565564, 0.053531531610066775,S
0.0, 1.5899461943892952, -0.991365312259911, 0.8538841359383207, -0.7294949735262132, 0.561777679897776, -0.6984091471198024, 0.6180755250106945, -0.5043982200557496, 0.46135682433710934, -0.4326101165814649, 0.47178999070854855, -0.41652688049461606, 0.3125282717946373, -0.37111628890905063, 0.28544426167063314, -0.1871694896973962, 0.2457526355346855, -0.13399499348146676, 0.012846429966707235,B
0.0, 1.5242386935795547, -0.880722231406741, 0.6987805436652244, -0.593326520248777, 0.5084164463122716, -0.593080438205777, 0.49227622895208095, -0.4159931594947207, 0.39444642903670335, -0.40357580213336014, 0.46120782625213363, -0.38965458092276617, 0.3115308871839491, -0.3544718352535236, 0.2839492321857832, -0.2049357450232333, 0.22630191846802783, -0.1740998463256961, 0.06562519729741212,S
0.0, 1.264409571538451, -0.5410099733124285, 0.7917456038411118, -0.896317208415919, 0.5286680741874041, -0.9505080999925392, 0.7571576491279955, -0.37608313221361916, 0.4818777022658867, -0.43131340631298704, 0.4945857045239876, -0.5135742425662033, 0.23519318692100008, -0.3100643277215034, 0.3368799088931607, -0.15484279757527877, 0.11242532506797161, -0.13431102387584817, 0.04321469218820502,B
0.0, 1.098097584492791, -0.34388527810943836, 0.7025142101742572, -0.7852530178703326, 0.40551613789664614, -0.9523645122456613, 0.8567333430604298, -0.5330143648103718, 0.6948182508820522, -0.5692945023710628, 0.5135628482199157, -0.5882064043569302, 0.2947781746901148, -0.28310197183082575, 0.4112526502685442, -0.20847560497665577, 0.10194114714919701, -0.20012393030717993, 0.11258097226795981,S
0.0, 2.2993398754014587, -1.7794296757887977, 0.1706433644682796, 0.5788459257380899, -0.030605078242560767, -0.8311299259861663, 0.9222678676357673, -0.537396245828533, 0.26579674057587666, -0.15777545707041316, 0.3111497169339333, -0.4712383529351404, 0.3184139600694633, -0.1803959700529442, 0.2208513843950499, -0.28955414334783247, 0.2491941172157985, -0.1324002767727954, 0.04362561798218232,B
0.0, 2.266371013509304, -1.9914120274272056, 0.620010656493971, 0.4555014219286847, -0.37115000111799196, -0.37121465795635417, 0.6343843378855111, -0.48881262650763185, 0.3743889129768742, -0.33758546959144753, 0.3657732316460049, -0.34752081163563503, 0.3395711334287257, -0.3692091743932414, 0.2518484159323346, -0.15007193347334438, 0.1185927970934174, -0.0896547058120736, 0.05364021287643385,S
0.0, 1.5822079695228604, -0.9743908499785747, 0.8324905415770114, -0.7067689986050305, 0.5405601313282771, -0.6762221945869057, 0.5979720721286973, -0.4899879069503017, 0.4484862871094631, -0.4179256248250428, 0.45587623142754097, -0.4021888249318742, 0.3004772264673583, -0.3612182563102879, 0.27904464501546333, -0.1795516035562507, 0.23362474323805313, -0.12722042746326298, 0.012707690654709536,B
0.0, 1.5271227090800337, -0.8826508807524343, 0.6957067285566059, -0.590108246875559, 0.5160405502257098, -0.6141735979478269, 0.5082975775282434, -0.41681521064011456, 0.38582866671566324, -0.3972698980828374, 0.47240090499465304, -0.4111142281984694, 0.3234278891080855, -0.35462283135918315, 0.27878613477943986, -0.20182305827235097, 0.2322000596048278, -0.18199052390495873, 0.06785755034509976,S
0.0, 1.262962895360015, -0.5372096809274154, 0.7910831564216368, -0.8996176932685763, 0.5314257244665582, -0.9542198837140959, 0.7575644560969482, -0.3748730042247345, 0.4817464910070816, -0.4306604080763372, 0.4931962579316979, -0.5112326249342587, 0.23050611786089187, -0.30756646861828124, 0.33709474889591295, -0.15516610398646905, 0.11356246937017188, -0.13442568568654892, 0.04272884754207384,B
0.0, 1.089794037943532, -0.3354378975901221, 0.7082489770025447, -0.7918278554353083, 0.4036113004610443, -0.9621173224641536, 0.8653837853964353, -0.5308297204648253, 0.6953402315231232, -0.5698750391253057, 0.5069639352654708, -0.583325905429349, 0.29158792381198967, -0.27902809349131447, 0.4057592119268626, -0.20232913720141535, 0.10024667793177995, -0.20058542496353496, 0.11287376352455189,S
0.0, 2.3045280795383425, -1.7863191378350893, 0.17108633727363692, 0.581200704554232, -0.03586486778917215, -0.8268675905062556, 0.9258608434406491, -0.5484876364832931, 0.2735240483514688, -0.1593161240046297, 0.3139695987320799, -0.47535632929718474, 0.32029032926187345, -0.18234382287588977, 0.22809128806425938, -0.2979679025999688, 0.25229015556412043, -0.12958239500055868, 0.041084041588422424,B
0.0, 2.2755755533506, -2.010324902915178, 0.6183778703429252, 0.49727451792837923, -0.42138381870238, -0.3611689418540772, 0.6717641429836209, -0.5314356220699347, 0.3946087248815251, -0.3475224721519569, 0.376855073763437, -0.3464147694703403, 0.3151435666075169, -0.3420898978727163, 0.24976440069210892, -0.1766231173572029, 0.15349388430763825, -0.1113188362585229, 0.05898363935416005,S
0.0, 1.5834561854298546, -0.9797737635185125, 0.8377592316134947, -0.7124906025656487, 0.5355588976314728, -0.6636266948201524, 0.5951086833178861, -0.4916988762579842, 0.4504010881446371, -0.41978234270838927, 0.4577587600472991, -0.4003297702572874, 0.2991397130827324, -0.36472920339481557, 0.2822062940140657, -0.1820369449121777, 0.23658995023498622, -0.12855454871238206, 0.012318452728075018,B
0.0, 1.5150419875717718, -0.861298608994378, 0.6858302717216845, -0.5895402560630618, 0.5137690948214515, -0.5980735810879506, 0.4811635824758731, -0.3983101200062261, 0.38763362933151235, -0.3983920710544951, 0.4573008336387429, -0.3864854338646075, 0.30422528581448655, -0.3520347732331638, 0.2808980372402588, -0.20106677958126154, 0.22304963430074456, -0.17147822672493826, 0.06521405896440252,S
0.0, 1.2572164396176568, -0.5226310260230598, 0.7761722660051521, -0.8863486135871405, 0.5162666630320107, -0.940830233612188, 0.7432876369815371, -0.3609784440270106, 0.46960309155548885, -0.42097888758190466, 0.4863991684052506, -0.5046848186258036, 0.22357985963801802, -0.30443726280973016, 0.3362422289886506, -0.1550205100187948, 0.11590783143467319, -0.13660504786418518, 0.04326958250544639,B
0.0, 1.093621663912586, -0.339260318999547, 0.7165548126414623, -0.8073295594137258, 0.4190677908823664, -0.9822995348426349, 0.8939140680526861, -0.5610082008459408, 0.7246444007863002, -0.60176710101857, 0.5381805233114688, -0.6147442998364916, 0.3185590314916396, -0.2995590689419751, 0.4252472550792303, -0.21538438062769624, 0.10874356353683684, -0.2098915177816974, 0.116930414182473,S
0.0, 2.2993307404199874, -1.7785187100076687, 0.18619286273645028, 0.5381713133797081, -0.009724649582795453, -0.8073232394541142, 0.8990198604355941, -0.5599934721948665, 0.3162000956542919, -0.19176820586590684, 0.31539889979894264, -0.4613577770614238, 0.3119151103916905, -0.18468015142140629, 0.22987928710702632, -0.2930045810487819, 0.2510186616070151, -0.1349726543656132, 0.04383087451517655,B
0.0, 2.27126714600012, -2.006900497904758, 0.6553775035111111, 0.4141841831398468, -0.3584594683968424, -0.35011414431050825, 0.6053945023772264, -0.48183929418074545, 0.39318676876148717, -0.3575058253911589, 0.36839088834424605, -0.33097373043078876, 0.3177169288835689, -0.35856048834066423, 0.2535398451982779, -0.1566861617648764, 0.12265274183601427, -0.08809453322518752, 0.05072876463507662,S
0.0, 1.5854990007125211, -0.9888603236737296, 0.8489797454970256, -0.7219147879241591, 0.5360116628308926, -0.6593114005167384, 0.5945594290001545, -0.4946025033935104, 0.45619110813603403, -0.423201404813978, 0.4588649984265116, -0.3974825961917232, 0.29688970346915033, -0.3679159329571619, 0.2868655731846267, -0.18394565002656665, 0.23576188814491564, -0.12761926286400882, 0.011780112555190398,B
0.0, 1.5167862765768856, -0.8616533070813496, 0.6827942264094465, -0.587007988769243, 0.5180052329648525, -0.6107496457839612, 0.4910370720326347, -0.3941180851445554, 0.3739347991682058, -0.3880063202799391, 0.4624501973094626, -0.40392182396107107, 0.31678375794421676, -0.3543467233236552, 0.27821841963450555, -0.19926790981342174, 0.2270903093253254, -0.1769111281062933, 0.06634258117278972,S
0.0, 1.2550525794407539, -0.5157890466362706, 0.7748931781226434, -0.8918067796981338, 0.5219092816851497, -0.9525485336948379, 0.7496744073959362, -0.3638588434145513, 0.4734888409038385, -0.4208021886268157, 0.48327345506676883, -0.4989285724130302, 0.212821267811355, -0.2960877124921423, 0.3313115143007754, -0.14966478487874654, 0.11339869135377602, -0.13521691240407524, 0.04247195484521041,B
0.0, 1.0977799356832831, -0.33787099169349877, 0.717454395174706, -0.8073681834412423, 0.41058178063893025, -0.9814824473965502, 0.8877786472350767, -0.5453374469251772, 0.713263150646548, -0.5857059362541618, 0.5235721887678026, -0.6039867729730269, 0.3034875645738679, -0.29067014087749987, 0.4204546239810958, -0.20670166415037244, 0.1030854199039199, -0.20768796973428025, 0.11538253180731621,S
0.0, 2.2751890391692395, -1.7330056890406789, 0.1741184397710043, 0.5037644005359238, 0.021234698165663948, -0.7801682968230423, 0.8276095989867281, -0.5121458660740782, 0.3139229994277016, -0.20095816950345965, 0.3089976388614732, -0.43943507095320267, 0.29095728027221546, -0.17096109027494924, 0.21392064407683695, -0.2778777537592087, 0.2418095288267094, -0.1314035368016777, 0.043657392878953497,B
0.0, 2.268000661968023, -1.9880263320675875, 0.6264618974077868, 0.4275712015622273, -0.3394412472448078, -0.38636912760046493, 0.6286415978026704, -0.47511162962481773, 0.3709454129528633, -0.3501894854947976, 0.3833190830811244, -0.3434139694443471, 0.3059452007185598, -0.33526119154881917, 0.24502380133210988, -0.1736011034244519, 0.14828696583197548, -0.10323666999775949, 0.05422882400322617,S
0.0, 1.6022240856517778, -1.0326014083390573, 0.9212897108207718, -0.799324761503874, 0.6385561999447, -0.7732552477243274, 0.6899334524539591, -0.5869037068652164, 0.5323231138108501, -0.4962749478182906, 0.558342309470791, -0.5002466779514618, 0.3746181183497692, -0.4119273652550845, 0.34890786020012887, -0.26433284452438477, 0.28433412436694927, -0.15810414508219384, 0.024681154157626013,B
0.0, 1.5219261323869897, -0.880325965526595, 0.7086888373692691, -0.6115836032700873, 0.5384687461730776, -0.6369906679985546, 0.5233357960829588, -0.437655970912552, 0.4326597419096273, -0.4370252786869088, 0.4827107026229793, -0.4131946580349489, 0.33481875127254407, -0.36691440634156963, 0.28972440599327204, -0.21639651272872606, 0.23520137277402742, -0.17325235241884976, 0.06318370733265315,S
0.0, 1.3137180837644682, -0.6359554666071804, 0.8822264338769111, -0.9925467084977873, 0.5954763359346004, -0.9911271341499618, 0.8094699661816053, -0.41213717167275604, 0.4983524679713062, -0.4029749643422808, 0.44839179404637164, -0.4916443364641646, 0.21789553178037654, -0.2992174472488966, 0.325882850264171, -0.13459228720422692, 0.09992511170595879, -0.14436624689554908, 0.05130741643283012,B
0.0, 1.056034677094416, -0.35324942610880045, 0.6667285807748982, -0.6765293025900322, 0.3587183100696327, -0.8559302895220137, 0.6485635234493791, -0.38785570704983396, 0.5132975042428611, -0.3929662390271467, 0.4558681281996658, -0.512217016692598, 0.2126865268803036, -0.3176254287269423, 0.4004631713807033, -0.1868252460649156, 0.12779847248660953, -0.17900657534840894, 0.0661665972741093,S
0.0, 2.4017662317140367, -1.9807269315244473, 0.2442380017524178, 0.7868157631500483, -0.4058519939028539, -0.6045028969013879, 0.8930681898900915, -0.5152969432537379, 0.2793487496716773, -0.2721271621522929, 0.38752141995264977, -0.4140727368973181, 0.2406846090717666, -0.14914966287938208, 0.21523298053474307, -0.3136500329565542, 0.2742941336468937, -0.13082860631767956, 0.03524164030194373,B
0.0, 2.1153717116501722, -1.6956824310279892, 0.6007642366740572, -0.03696979623131575, 0.2723277906884944, -0.6168758926353951, 0.4622496639213257, -0.28782414242365073, 0.35575763337549493, -0.38479125206342357, 0.3650374526849044, -0.34698157912092786, 0.3417964804795645, -0.3551063047052337, 0.27204738078079826, -0.2043689851415054, 0.1722259914411288, -0.10750602330817437, 0.044149218477768294,S
0.0, 1.5908641941724766, -1.011693488698475, 0.9039710388277962, -0.7864988271810808, 0.627633678332084, -0.7566020157462061, 0.6753785356330456, -0.5768351301082872, 0.5247870428400188, -0.49466468602746394, 0.5536606389224016, -0.4958743108181141, 0.37418857174846576, -0.40880840978384714, 0.3458721780691947, -0.26673827758683566, 0.28642448379708274, -0.1584895958285291, 0.025614506574266588,B
0.0, 1.5179863470159467, -0.8727589167172899, 0.7003693571833125, -0.6013663428428697, 0.525868311894866, -0.625392857209385, 0.5130985524948156, -0.4214792801845736, 0.40825164430387584, -0.41482762235301424, 0.4721310738060724, -0.4124991901840863, 0.3334399552038987, -0.3587892635016317, 0.2799717672996362, -0.21063740541940543, 0.23523286703965818, -0.17495670613320172, 0.06382554750793087,S
0.0, 1.2952604213391696, -0.5917494546080152, 0.8326651321748161, -0.9402304363348101, 0.5368597644036639, -0.9366743462148933, 0.7471796516257769, -0.34647199142642376, 0.4388231683743924, -0.34777926510160373, 0.39834086461664664, -0.4440769409084866, 0.17164364723348288, -0.26204220300930503, 0.29543589097038886, -0.10978628955376883, 0.08449289683422082, -0.13499631279613158, 0.04725126056663037,B
0.0, 1.0478077522915306, -0.3379198094870206, 0.6612209818094408, -0.6772640008357187, 0.35696640994142154, -0.860488367239699, 0.6479161463151004, -0.38507231506512235, 0.5125785154142081, -0.3909754717578577, 0.45185554974938097, -0.509616298562427, 0.20940850036268108, -0.31584845349480295, 0.4005059451774978, -0.1876123879056982, 0.13188282542304158, -0.18182184616068306, 0.06681883260248318,S
0.0, 2.3926489061387506, -1.9570931064084165, 0.22093943238980704, 0.8006892627479982, -0.4187679924827888, -0.5880391745548482, 0.8763570227872354, -0.5033167045422184, 0.26892854019549, -0.25955490964021166, 0.37895472363434324, -0.4109169102897639, 0.23412097589104866, -0.1358908203595746, 0.20170975326501597, -0.30481340532105144, 0.26919881606784485, -0.1266577910854163, 0.03323448963502599,B
0.0, 2.107983471428887, -1.6681869865289114, 0.5583805260417035, 3.1364463280756093E-4, 0.24784850923265242, -0.6021015230387565, 0.44935513467880533, -0.2752900052549581, 0.3416109964393105, -0.3691489761186233, 0.3517583078022567, -0.33616163941826555, 0.33154440856315515, -0.3453290329810128, 0.2649799248346472, -0.200685259486246, 0.17157661536106567, -0.10803438717305526, 0.04468703770505557,S
0.0, 1.592517404144706, -1.0202967432555732, 0.9145449557387924, -0.7920571789107996, 0.6220541705391057, -0.7470520392082094, 0.6728019046918964, -0.5793050169970466, 0.5257640055484899, -0.4926144669869343, 0.5526221069467887, -0.49145795797160335, 0.36898488017933123, -0.4093477015456364, 0.34951007122252686, -0.2676763074012496, 0.2855169752187551, -0.15569080762808357, 0.022709800889423783,B
0.0, 1.5184091615006692, -0.8730019835438783, 0.7043369584347665, -0.6057143059278965, 0.5233882691438706, -0.6130899995736608, 0.4989716365600559, -0.41874213783284814, 0.4137821744312635, -0.4204586621511858, 0.4668580340129373, -0.3945639330008085, 0.3182591684115708, -0.35800201766411305, 0.28455961376983796, -0.2080301938330391, 0.22614150110741138, -0.1670421529779021, 0.06115177704765571,S
0.0, 1.2907288098206544, -0.5807056395062717, 0.829378002699576, -0.9451599934808179, 0.5404597693649816, -0.9462405976242471, 0.7571589232776773, -0.3583277651080806, 0.4558046269615152, -0.36578999842588733, 0.4137286994606392, -0.4532342626754843, 0.17355101866040307, -0.2639039406282173, 0.2979947621018424, -0.11304190624889825, 0.0918034841800282, -0.14121922164316153, 0.04949547343395563,B
0.0, 1.0449074567098091, -0.33505234898954783, 0.664046935925673, -0.6829262504435059, 0.35969737088735193, -0.8672298634572191, 0.6545499099721478, -0.39040765881549644, 0.520567502214909, -0.3982045079596916, 0.4561258616531572, -0.5134634449163538, 0.21122353518256437, -0.31721880548676196, 0.4021020233615273, -0.19078359954835628, 0.13807184650280108, -0.18596199747715464, 0.06766936957598607,S
0.0, 2.3684492506955483, -1.8993963290246314, 0.19850371550928672, 0.7359576996034735, -0.35029147799794763, -0.547315119100002, 0.7572054876455493, -0.4322100912590536, 0.28240589893914075, -0.2769242284668231, 0.34525778094517434, -0.3646227719936829, 0.22349043108253622, -0.1490859141384696, 0.19962234669834614, -0.27996917026659685, 0.24649684332442895, -0.11894183016156981, 0.03241657622911006,B
0.0, 2.141923999958165, -1.75756705565466, 0.6442411766879008, -0.015213498312584329, 0.20394540938610273, -0.5876067578581148, 0.509208902106564, -0.35291348262513433, 0.3762444575930409, -0.35862057383110996, 0.3354803147765248, -0.3481104959567597, 0.36719135218765336, -0.38136622927528563, 0.2850560915312159, -0.2028710221821586, 0.1667480471521413, -0.10485511287029037, 0.04404133605532882,S
0.0, 1.5881301576794995, -1.0095344911778747, 0.8998218341124179, -0.7747205396421322, 0.6066755299076413, -0.736443198958629, 0.6643799927249494, -0.5687526148738988, 0.5116150635304569, -0.47870785091809515, 0.5445417013664973, -0.49194878647987633, 0.37318127907703313, -0.41076136053258755, 0.348628355353201, -0.26645929191416995, 0.28558587612505315, -0.15778155714220643, 0.023974652026090556,B
0.0, 1.5166984819012383, -0.8695311927619201, 0.7007718939657913, -0.6022234776365336, 0.5190823978607794, -0.6074241323950477, 0.4942502353789204, -0.4194721736989633, 0.4153555869023753, -0.4193404069729893, 0.46655013440552023, -0.39222946379792806, 0.31377158035891645, -0.35684417725842316, 0.28541418691387443, -0.20882393902248544, 0.22883702747514098, -0.16997672650477982, 0.06204606664036295,S
0.0, 1.2893812510844622, -0.5762636999253329, 0.8317387648058224, -0.9542477911965294, 0.5474043035738096, -0.9551144172114294, 0.7600314500950877, -0.3579677881510716, 0.45516531668523186, -0.36290052997006866, 0.4105370635216266, -0.4488468671133069, 0.16681889516391873, -0.25981873190337457, 0.2951835035361018, -0.11036963066055994, 0.09224562398816429, -0.14169415160674068, 0.049051159540993206,B
0.0, 1.0393514790368967, -0.3237330377351474, 0.6541518667363095, -0.6721751790276306, 0.3504744467851865, -0.8641823838383778, 0.6461295245648047, -0.38494402977075964, 0.5212391067830494, -0.39612834407829983, 0.45410674074756324, -0.5124477949093834, 0.20635067567763626, -0.31213505800759295, 0.39875928827448565, -0.18852637040570847, 0.1358280735332234, -0.1836427403552205, 0.06762375676858894,S
0.0, 2.3691143487082265, -1.897579493135354, 0.19565026138054314, 0.7338944098463134, -0.34530729945154054, -0.552113876182185, 0.7599751652553836, -0.4367798678834483, 0.2910399967115037, -0.2874312411370127, 0.3534595751350772, -0.3673522045761391, 0.22251835419919816, -0.1489044861714033, 0.20187688250109126, -0.28068467541375913, 0.2447962774402201, -0.11552388743622605, 0.030222367622322673,B
0.0, 2.109721717402891, -1.6641480480184432, 0.5448557312295477, 0.00795759153687532, 0.24860876708972746, -0.6069402456483811, 0.4493622046905288, -0.25936197407726413, 0.3212591975334836, -0.36249837789523087, 0.363272803506689, -0.34835680884208303, 0.3235924820450276, -0.32901644166768235, 0.2596440571031635, -0.20782380269709552, 0.1793051020568725, -0.10985992902674543, 0.044842030214987554,S
0.0, 1.5904915560983097, -1.0132916712809423, 0.9012405313145639, -0.7730856660175875, 0.6013379263202299, -0.7301255955555477, 0.6604335192295955, -0.5671575075533812, 0.5088857905165415, -0.4750773714938859, 0.5420453737914306, -0.4878072768687448, 0.3681075694467127, -0.4100859138730658, 0.3484096607743524, -0.26427559088473446, 0.28288582744641383, -0.15437016731752762, 0.022681233585390752,B
0.0, 1.5205120076615464, -0.8772885893513955, 0.7062608348053198, -0.6052632094228829, 0.5207210605565822, -0.607209493393977, 0.49384719959905554, -0.42064515520811285, 0.4137252921169265, -0.4193353752361633, 0.4688545361128955, -0.39069697217609894, 0.31144728869321314, -0.3572617526199238, 0.28685324358602343, -0.20807868549854544, 0.22859739380719363, -0.1690766589330233, 0.060718207425491326,S
0.0, 1.2832444901355482, -0.5628954428331286, 0.8220828409825668, -0.9482958132132102, 0.5389177700369628, -0.9474573708005439, 0.7500376809010144, -0.34895242921826963, 0.45196785229270214, -0.3621302351587751, 0.4096596519200044, -0.44585600293709804, 0.16108216249902202, -0.2565246360716013, 0.2944232413299209, -0.11107144306048261, 0.09542252998997422, -0.14472554589168377, 0.05010071529890583,B
0.0, 1.0435344453379523, -0.32448732392658275, 0.657266546814891, -0.6763260960812109, 0.35258839583755863, -0.8711886308963849, 0.651457640679978, -0.3887221952958222, 0.5274563911779513, -0.40230329668824016, 0.46205781134437557, -0.5206284883879788, 0.21233078879290426, -0.3173083543556931, 0.401483548595009, -0.18829526652611103, 0.13480485412380167, -0.18304625583035472, 0.06758840608037472,S
0.0, 2.3657929519222813, -1.8912807468339747, 0.1911955236927128, 0.7367299676329181, -0.3546035257081869, -0.5363952351807718, 0.7523125286496496, -0.4424027164706691, 0.29837231177714507, -0.2897072680823179, 0.35587863334128544, -0.37044119200515396, 0.2204636702937561, -0.14311190546267344, 0.20064559931101117, -0.28646790082597046, 0.24817412075611295, -0.11315619048441657, 0.028553043810722236,B
0.0, 2.1466585463810897, -1.762494384431462, 0.6393769640623816, 8.193465352668038E-4, 0.17532896472021123, -0.555367093569757, 0.4817307592032187, -0.3216050871122955, 0.33838421582647926, -0.3290167663605608, 0.3253598280918649, -0.3417193005708035, 0.3427249859786851, -0.3489775459721953, 0.26657792011166354, -0.19933919238213157, 0.16434326007764388, -0.09774497479881512, 0.039678298296769055,S